0,2
0,4
0,6
0,9
1,2
1,11
2,0
2,1
3,4
3,13
3,16
4,0
4,3
5,6
5,7
6,0
6,5
7,5
7,8
8,7
8,9
8,15
9,0
9,8
10,11
11,1
11,10
12,13
12,18
13,3
13,12
14,15
14,20
14,21
15,8
15,14
16,3
16,17
17,16
17,18
17,23
17,26
18,12
18,17
19,20
19,28
20,14
20,19
21,14
21,22
22,21
22,23
22,24
23,17
23,22
24,22
24,25
25,24
25,26
25,30
26,17
26,25
27,28
27,32
27,42
28,19
28,27
29,30
29,34
29,36
30,25
30,29
31,32
31,38
31,41
31,44
32,27
32,31
33,34
33,46
33,49
34,29
34,33
35,36
36,29
36,35
37,38
37,51
37,51
37,53
38,31
38,37
51,37
51,40
51,37
51,50
40,51
40,41
40,56
41,31
41,40
42,27
42,43
43,42
43,44
44,31
44,43
45,46
45,47
45,58
46,33
46,45
47,45
47,48
48,47
48,49
49,33
49,48
50,51
50,54
51,37
51,40
51,37
51,50
52,53
53,37
53,52
54,50
54,55
55,54
55,56
55,60
55,62
56,40
56,55
57,58
57,64
57,66
58,45
58,57
59,60
59,69
59,71
60,55
60,59
61,62
61,67
62,55
62,61
63,64
63,74
64,57
64,63
65,66
65,73
65,76
65,78
66,57
66,65
67,61
67,68
68,67
68,69
68,80
68,83
69,59
69,68
70,71
70,86
70,89
71,59
71,70
72,73
72,91
72,94
72,96
73,65
73,72
74,63
74,75
75,74
75,76
75,92
75,98
76,65
76,75
77,78
77,100
77,115
78,65
78,77
79,80
79,81
79,84
80,68
80,79
81,79
81,82
82,81
82,83
83,68
83,82
84,79
84,85
85,84
85,86
85,87
85,102
86,70
86,85
87,85
87,88
88,87
88,89
88,104
88,107
89,70
89,88
90,91
90,110
90,112
91,72
91,90
92,75
92,93
93,92
93,94
93,108
93,114
94,72
94,93
95,96
95,117
95,120
95,181
96,72
96,95
97,98
97,122
97,124
97,126
98,75
98,97
98,113
99,100
99,128
100,77
100,99
101,102
101,131
102,85
102,101
103,104
103,105
103,129
103,133
103,136
104,88
104,103
105,103
105,106
105,156
106,105
106,107
107,88
107,106
108,93
108,109
109,108
109,110
109,142
110,90
110,109
111,112
111,118
112,90
112,111
113,98
113,114
113,138
114,93
114,113
115,77
115,116
116,115
116,117
116,141
117,95
117,116
118,111
118,119
119,118
119,120
120,95
120,119
121,122
121,144
122,97
122,121
123,124
123,146
123,148
123,151
124,97
124,123
125,126
125,149
126,97
126,125
127,128
127,139
127,153
128,99
128,127
129,103
129,130
130,129
130,131
131,101
131,130
132,133
132,134
133,103
133,132
134,132
134,135
135,134
135,136
135,155
135,157
136,103
136,135
137,138
138,113
138,137
139,127
139,140
140,139
140,141
140,159
141,116
141,140
142,109
142,143
143,142
143,144
143,161
144,121
144,143
145,146
145,163
145,167
146,123
146,145
147,148
147,164
147,170
147,172
148,123
148,147
149,125
149,150
150,149
150,151
150,168
150,174
151,123
151,150
152,153
152,176
153,127
153,152
154,155
154,178
154,180
155,135
155,154
156,105
156,157
156,210
157,135
157,156
158,159
158,183
158,186
158,201
159,140
159,158
160,161
160,188
161,143
161,160
162,163
162,165
162,189
163,145
163,162
164,147
164,166
165,162
165,166
166,164
166,165
166,167
166,191
167,145
167,166
168,150
168,169
169,168
169,170
169,193
170,147
170,169
171,172
171,196
172,147
172,171
173,174
173,198
174,150
174,173
175,176
175,200
175,205
176,152
176,175
177,178
177,207
178,154
178,177
179,180
179,209
179,212
179,216
180,154
180,179
181,95
181,182
182,181
182,183
182,184
183,158
183,182
184,182
184,185
185,184
185,186
185,220
185,218
185,220
186,158
186,185
187,188
187,222
188,160
188,187
189,162
189,190
190,189
190,191
191,166
191,190
192,193
192,194
192,224
192,226
193,169
193,192
194,192
194,195
195,194
195,196
195,229
196,171
196,195
197,198
197,231
198,173
198,197
199,200
199,203
200,175
200,199
201,158
201,204
220,185
220,204
220,185
220,219
203,199
203,204
204,201
204,220
204,203
204,205
204,234
205,175
205,204
206,207
206,213
207,177
207,206
208,209
208,214
208,236
208,239
209,179
209,208
210,156
210,211
211,210
211,212
212,179
212,211
213,206
213,215
214,208
214,215
215,213
215,214
215,216
216,179
216,215
217,218
217,241
217,243
217,271
218,185
218,217
219,220
219,232
220,185
220,204
220,185
220,219
221,222
221,245
221,247
221,249
222,187
222,221
223,224
223,227
223,251
224,192
224,223
225,226
226,192
226,225
227,223
227,228
228,227
228,229
228,253
228,255
229,195
229,228
230,231
230,257
231,197
231,230
232,219
232,233
233,232
233,234
233,259
234,204
234,233
235,236
235,237
235,261
235,263
236,208
236,235
237,235
237,238
238,237
238,239
238,265
239,208
239,238
240,241
240,267
240,270
240,273
240,276
241,217
241,240
242,243
242,268
243,217
243,242
244,245
244,279
245,221
245,244
246,247
246,277
246,281
247,221
247,246
248,249
249,221
249,248
250,251
251,223
251,250
252,253
252,284
253,228
253,252
254,255
254,283
254,286
254,289
255,228
255,254
256,257
257,230
257,256
258,259
258,291
259,233
259,258
260,261
260,293
260,320
261,235
261,260
262,263
263,235
263,262
264,265
264,321
265,238
265,264
266,267
266,295
266,297
266,300
266,303
267,240
267,266
268,242
268,269
269,268
269,270
269,301
269,305
270,240
270,269
271,217
271,272
272,271
272,273
272,274
272,307
273,240
273,272
274,272
274,275
275,274
275,276
276,240
276,275
277,246
277,278
278,277
278,279
278,309
279,244
279,278
280,281
280,311
280,313
281,246
281,280
282,283
282,287
283,254
283,282
284,252
284,285
285,284
285,286
286,254
286,285
287,282
287,288
288,287
288,289
288,315
289,254
289,288
290,291
290,317
291,258
291,290
292,293
292,319
292,324
292,354
293,260
293,292
294,295
294,298
294,327
294,330
295,266
295,294
296,297
296,325
297,266
297,296
298,294
298,299
298,381
299,298
299,300
300,266
300,299
301,269
301,302
302,301
302,303
303,266
303,302
304,305
305,269
305,304
306,307
306,332
307,272
307,306
308,309
308,334
309,278
309,308
310,311
310,337
310,339
310,342
311,280
311,310
312,313
312,344
313,280
313,312
314,315
314,346
314,349
315,288
315,314
316,317
316,351
317,290
317,316
318,319
318,322
318,353
318,356
319,292
319,318
320,260
320,323
321,264
321,323
322,318
322,323
323,320
323,321
323,322
323,324
324,292
324,323
325,296
325,326
326,325
326,327
326,328
327,294
327,326
328,326
328,329
328,338
329,328
329,330
329,358
329,364
330,294
330,329
331,332
332,306
332,331
333,334
333,335
333,360
333,506
334,308
334,333
335,333
335,336
336,335
336,337
336,340
337,310
337,336
338,328
338,339
338,363
338,367
339,310
339,338
340,336
340,341
341,340
341,342
342,310
342,341
343,344
344,312
344,343
345,346
345,369
345,369
345,371
346,314
346,345
369,345
369,348
369,345
369,368
348,369
348,349
349,314
349,348
350,351
350,373
351,316
351,350
352,353
352,375
352,378
353,318
353,352
354,292
354,355
355,354
355,356
356,318
356,355
357,358
357,380
357,382
357,384
357,398
358,329
358,357
359,360
359,361
359,386
359,430
360,333
360,359
361,359
361,362
362,361
362,363
362,365
363,338
363,362
364,329
364,366
365,362
365,366
365,383
366,364
366,365
366,367
367,338
367,366
368,369
368,389
369,345
369,348
369,345
369,368
370,371
370,391
370,391
371,345
371,370
372,373
372,393
372,416
373,350
373,372
374,375
374,376
374,395
375,352
375,374
376,374
376,377
377,376
377,378
378,352
378,377
379,380
379,397
379,400
379,403
379,407
380,357
380,379
381,298
381,382
381,409
382,357
382,381
383,365
383,384
384,357
384,383
385,386
385,405
385,411
386,359
386,385
391,370
391,388
391,370
391,390
388,391
388,389
388,413
389,368
389,388
390,391
391,370
391,388
391,370
391,390
392,393
392,415
392,419
393,372
393,392
394,395
394,421
395,374
395,394
396,397
396,401
396,424
396,517
397,379
397,396
398,357
398,399
398,408
399,398
399,400
400,379
400,399
401,396
401,402
402,401
402,403
402,404
402,422
403,379
403,402
404,402
404,406
404,457
405,385
405,406
406,404
406,405
406,407
406,426
407,379
407,406
408,398
408,409
409,381
409,408
410,411
410,429
410,432
410,434
410,436
410,438
411,385
411,410
412,413
412,440
412,442
412,445
412,447
413,388
413,412
414,415
414,417
414,449
414,479
415,392
415,414
416,372
416,418
417,414
417,418
418,416
418,417
418,419
419,392
419,418
420,421
420,451
420,453
421,394
421,420
422,402
422,423
423,422
423,424
423,455
423,458
424,396
424,423
425,426
425,427
425,460
425,460
426,406
426,425
427,425
427,428
428,427
428,429
428,462
428,465
429,410
429,428
430,359
430,431
431,430
431,432
431,467
431,469
432,410
432,431
433,434
433,471
434,410
434,433
435,436
435,474
436,410
436,435
437,438
438,410
438,437
439,440
439,476
440,412
440,439
441,442
441,443
442,412
442,441
443,441
443,444
444,443
444,445
445,412
445,444
446,447
447,412
447,446
448,449
448,478
448,481
449,414
449,448
450,451
450,483
450,485
451,420
451,450
452,453
452,487
452,490
453,420
453,452
454,455
454,492
454,494
455,423
455,454
460,425
460,457
460,425
460,459
457,460
457,404
457,458
458,423
458,457
459,460
459,463
460,425
460,457
460,425
460,459
461,462
461,497
461,500
462,428
462,461
463,459
463,464
464,463
464,465
464,495
464,503
465,428
465,464
466,467
467,431
467,466
468,469
468,505
468,508
469,431
469,468
470,471
470,472
470,498
470,510
471,433
471,470
472,470
472,473
473,472
473,474
474,435
474,473
475,476
475,512
476,439
476,475
477,478
477,514
478,448
478,477
479,414
479,480
480,479
480,481
481,448
481,480
482,483
483,450
483,482
484,485
484,516
485,450
485,484
486,487
486,488
487,452
487,486
488,486
488,489
489,488
489,490
490,452
490,489
491,492
491,519
491,522
492,454
492,491
493,494
493,524
493,520
493,524
494,454
494,493
495,464
495,496
496,495
496,497
496,526
497,461
497,496
498,470
498,499
499,498
499,500
500,461
500,499
524,493
524,502
524,493
524,523
502,524
502,503
502,528
503,464
503,502
504,505
504,530
505,468
505,504
506,333
506,507
507,506
507,508
508,468
508,507
509,510
509,532
510,470
510,509
511,512
511,534
512,475
512,511
513,514
513,536
514,477
514,513
515,516
515,538
516,484
516,515
517,396
517,518
518,517
518,519
519,491
519,518
520,493
520,521
521,520
521,522
521,540
522,491
522,521
523,524
523,542
523,554
524,493
524,502
524,493
524,523
525,526
525,545
525,547
526,496
526,525
527,528
527,543
528,502
528,527
529,530
530,504
530,529
531,532
531,549
532,509
532,531
533,534
533,551
534,511
534,533
535,536
536,513
536,535
537,538
538,515
538,537
539,540
539,553
539,556
539,558
540,521
540,539
541,542
541,560
541,564
542,523
542,541
543,527
543,544
544,543
544,545
544,566
545,525
545,544
546,547
547,525
547,546
548,549
549,531
549,548
550,551
550,568
550,570
551,533
551,550
552,553
552,572
552,575
553,539
553,552
554,523
554,555
555,554
555,556
555,561
556,539
556,555
557,558
558,539
558,557
559,560
559,562
559,577
560,541
560,559
561,555
561,563
562,559
562,563
563,561
563,562
563,564
563,573
564,541
564,563
565,566
565,580
566,544
566,565
567,568
567,583
567,585
568,550
568,567
569,570
569,581
570,550
570,569
571,572
571,588
572,552
572,571
573,563
573,574
574,573
574,575
574,586
574,590
575,552
575,574
576,577
576,578
577,559
577,576
578,576
578,579
579,578
579,580
579,592
579,595
580,565
580,579
581,569
581,582
582,581
582,583
582,597
583,567
583,582
584,585
584,599
584,601
585,567
585,584
586,574
586,587
587,586
587,588
588,571
588,587
589,590
589,603
590,574
590,589
591,592
591,593
591,605
591,607
592,579
592,591
593,591
593,594
594,593
594,595
594,609
594,611
594,614
595,579
595,594
596,597
597,582
597,596
598,599
598,616
598,618
599,584
599,598
600,601
600,620
600,622
601,584
601,600
602,603
602,624
602,626
602,628
602,631
603,589
603,602
604,605
605,591
605,604
606,607
607,591
607,606
608,609
608,633
608,635
608,661
609,594
609,608
610,611
610,612
611,594
611,610
612,610
612,613
613,612
613,614
614,594
614,613
615,616
616,598
616,615
616,675
617,618
617,637
617,640
618,598
618,617
619,620
620,600
620,619
621,622
622,600
622,621
623,624
623,643
623,645
623,648
623,652
624,602
624,623
625,626
625,629
625,641
625,655
626,602
626,625
627,628
627,646
627,649
627,658
628,602
628,627
629,625
629,630
630,629
630,631
631,602
631,630
632,633
632,660
632,663
632,666
632,669
633,608
633,632
634,635
634,653
635,608
635,634
636,637
636,638
636,672
636,674
637,617
637,636
638,636
638,639
639,638
639,640
639,670
639,676
640,617
640,639
641,625
641,642
642,641
642,643
642,679
643,623
643,642
644,645
644,681
645,623
645,644
646,627
646,647
647,646
647,648
647,650
648,623
648,647
649,627
649,651
650,647
650,651
651,649
651,650
651,652
651,656
652,623
652,651
653,634
653,654
654,653
654,655
654,677
655,625
655,654
656,651
656,657
657,656
657,658
657,683
657,685
658,627
658,657
659,660
659,664
659,699
660,632
660,659
661,608
661,662
662,661
662,663
662,688
663,632
663,662
664,659
664,665
665,664
665,666
665,692
665,690
665,692
666,632
666,665
692,665
692,668
692,665
692,691
668,692
668,669
668,686
668,718
669,632
669,668
670,639
670,671
671,670
671,672
671,694
672,636
672,671
673,674
673,696
673,698
674,636
674,673
675,616
675,676
676,639
676,675
677,654
677,678
678,677
678,679
678,701
678,703
679,642
679,678
679,739
680,681
680,705
680,708
680,710
681,644
681,680
682,683
682,712
683,657
683,682
684,685
684,714
685,657
685,684
686,668
686,687
687,686
687,688
687,716
687,721
687,723
688,662
688,687
689,690
689,725
690,665
690,689
691,692
691,727
691,727
692,665
692,668
692,665
692,691
693,694
693,729
694,671
694,693
695,696
696,673
696,695
697,698
698,673
698,697
699,659
699,700
700,699
700,701
700,731
701,678
701,700
702,703
702,706
702,733
703,678
703,702
704,705
704,735
704,738
704,766
705,680
705,704
706,702
706,707
707,706
707,708
707,732
707,740
708,680
708,707
709,710
709,736
710,680
710,709
711,712
711,742
711,745
711,747
712,682
712,711
713,714
713,743
713,749
714,684
714,713
715,716
715,719
715,751
715,754
716,687
716,715
727,691
727,720
727,691
727,726
718,668
718,720
719,715
719,720
720,727
720,718
720,719
720,721
721,687
721,720
722,723
723,687
723,722
724,725
724,757
725,689
725,724
726,727
726,755
726,759
727,691
727,720
727,691
727,726
728,729
728,761
728,763
729,693
729,728
730,731
731,700
731,730
732,707
732,734
733,702
733,734
734,732
734,733
734,735
734,765
735,704
735,734
736,709
736,737
737,736
737,738
737,768
738,704
738,737
739,679
739,740
740,707
740,739
741,742
741,771
742,711
742,741
743,713
743,744
744,743
744,745
744,773
745,711
745,744
746,747
746,775
746,777
747,711
747,746
748,749
748,769
748,779
749,713
749,748
750,751
750,781
750,781
750,783
751,715
751,750
781,750
781,753
781,750
781,780
753,781
753,754
754,715
754,753
755,726
755,756
756,755
756,757
756,786
757,724
757,756
758,759
758,788
758,788
758,792
759,726
759,758
760,761
760,794
761,728
761,760
762,763
762,796
762,846
763,728
763,762
764,765
765,734
765,764
766,704
766,767
767,766
767,768
768,737
768,767
769,748
769,770
770,769
770,771
770,799
771,741
771,770
772,773
773,744
773,772
774,775
774,802
775,746
775,774
776,777
776,800
776,804
777,746
777,776
778,779
778,797
778,806
778,808
779,748
779,778
780,781
780,811
780,836
781,750
781,753
781,750
781,780
782,783
782,814
782,809
782,814
783,750
783,782
788,758
788,785
788,758
788,787
785,788
785,786
785,817
786,756
786,785
787,788
787,790
787,815
788,758
788,785
788,758
788,787
814,782
814,791
814,782
814,813
790,787
790,791
790,839
791,814
791,790
791,792
792,758
792,791
793,794
793,819
793,821
794,760
794,793
795,796
795,823
795,825
795,851
796,762
796,795
797,778
797,798
798,797
798,799
798,827
799,770
799,798
800,776
800,801
801,800
801,802
801,829
802,774
802,801
803,804
803,831
804,776
804,803
805,806
805,833
805,835
806,778
806,805
807,808
808,778
808,807
809,782
809,810
810,809
810,811
810,812
810,838
811,780
811,810
812,810
812,813
813,812
813,814
813,840
813,842
814,782
814,791
814,782
814,813
815,787
815,816
816,815
816,817
816,845
817,785
817,816
818,819
818,848
819,793
819,818
820,821
821,793
821,820
822,823
822,850
822,854
822,856
823,795
823,822
823,857
824,825
824,858
825,795
825,824
826,827
826,860
826,862
826,865
827,798
827,826
828,829
828,868
829,801
829,828
830,831
831,803
831,830
832,833
832,863
832,871
832,873
832,875
833,805
833,832
834,835
834,877
834,877
835,805
835,834
836,780
836,837
837,836
837,838
838,810
838,837
839,790
839,840
839,843
839,879
840,813
840,839
841,842
841,882
841,884
842,813
842,841
843,839
843,844
844,843
844,845
844,887
844,889
845,816
845,844
846,762
846,847
847,846
847,848
848,818
848,847
849,850
849,852
849,891
850,822
850,849
851,795
851,853
852,849
852,853
853,851
853,852
853,854
854,822
854,853
855,856
855,893
856,822
856,855
857,823
857,858
858,824
858,857
859,860
859,866
859,896
860,826
860,859
861,862
861,894
861,898
862,826
862,861
863,832
863,864
864,863
864,865
865,826
865,864
866,859
866,867
867,866
867,868
868,828
868,867
877,834
877,870
877,834
877,876
870,877
870,871
871,832
871,870
872,873
873,832
873,872
874,875
875,832
875,874
876,877
876,900
876,902
877,834
877,870
877,834
877,876
878,879
878,880
878,885
878,905
878,908
879,839
879,878
880,878
880,881
881,880
881,882
881,903
882,841
882,881
883,884
883,911
884,841
884,883
885,878
885,886
886,885
886,887
886,906
887,844
887,886
888,889
889,844
889,888
890,891
891,849
891,890
892,893
892,913
893,855
893,892
894,861
894,895
895,894
895,896
896,859
896,895
897,898
898,861
898,897
899,900
899,916
899,918
899,920
900,876
900,899
901,902
901,914
901,922
902,876
902,901
903,881
903,904
904,903
904,905
904,909
904,924
904,928
905,878
905,904
906,886
906,907
907,906
907,908
907,926
907,930
908,878
908,907
909,904
909,910
910,909
910,911
910,933
911,883
911,910
912,913
912,935
912,962
913,892
913,912
914,901
914,915
915,914
915,916
915,938
916,899
916,915
917,918
917,936
917,941
918,899
918,917
919,920
919,939
920,899
920,919
921,922
921,943
921,945
922,901
922,921
923,924
923,925
923,931
923,948
923,951
924,904
924,923
925,923
925,927
926,907
926,927
927,925
927,926
927,928
927,954
927,957
928,904
928,927
929,930
929,952
930,907
930,929
931,923
931,932
932,931
932,933
932,959
932,959
933,910
933,932
934,935
934,961
934,964
935,912
935,934
936,917
936,937
937,936
937,938
938,915
938,937
939,919
939,940
940,939
940,941
941,917
941,940
942,943
942,966
942,969
943,921
943,942
944,945
944,967
945,921
945,944
959,932
959,947
959,932
959,958
947,959
947,948
947,949
948,923
948,947
949,947
949,950
950,949
950,951
950,955
950,972
950,975
951,923
951,950
952,929
952,953
953,952
953,954
953,978
954,927
954,953
955,950
955,956
956,955
956,957
956,970
957,927
957,956
958,959
958,973
958,981
959,932
959,947
959,932
959,958
960,961
960,983
961,934
961,960
962,912
962,963
963,962
963,964
964,934
964,963
965,966
966,942
966,965
967,944
967,968
968,967
968,969
969,942
969,968
970,956
970,971
971,970
971,972
971,976
971,985
971,988
972,950
972,971
973,958
973,974
974,973
974,975
974,990
974,990
975,950
975,974
975,987
976,971
976,977
977,976
977,978
978,953
978,977
990,974
990,980
990,974
990,989
980,990
980,981
981,958
981,980
982,983
982,992
983,960
983,982
984,985
984,986
984,994
984,996
985,971
985,984
986,984
986,987
987,986
987,975
987,988
988,971
988,987
989,990
989,998
989,1012
990,974
990,980
990,974
990,989
991,992
991,1000
992,982
992,991
993,994
993,1003
993,1005
994,984
994,993
995,996
996,984
996,995
997,998
997,1001
998,989
998,997
999,1000
999,1007
999,1009
1000,991
1000,999
1001,997
1001,1002
1002,1001
1002,1003
1002,1011
1002,1014
1002,1039
1003,993
1003,1002
1004,1005
1004,1016
1005,993
1005,1004
1006,1007
1006,1018
1006,1020
1006,1036
1007,999
1007,1006
1008,1009
1009,999
1009,1008
1010,1011
1010,1023
1010,1026
1011,1002
1011,1010
1012,989
1012,1013
1013,1012
1013,1014
1014,1002
1014,1013
1015,1016
1015,1021
1015,1024
1015,1028
1015,1031
1016,1004
1016,1015
1016,1040
1016,1047
1017,1018
1017,1033
1017,1035
1017,1038
1018,1006
1018,1017
1019,1020
1020,1006
1020,1019
1021,1015
1021,1022
1022,1021
1022,1023
1022,1041
1023,1010
1023,1022
1024,1015
1024,1025
1025,1024
1025,1026
1025,1029
1025,1043
1026,1010
1026,1025
1027,1028
1027,1046
1027,1048
1028,1015
1028,1027
1029,1025
1029,1030
1030,1029
1030,1031
1030,1044
1030,1051
1031,1015
1031,1030
1032,1033
1033,1017
1033,1032
1034,1035
1035,1017
1035,1034
1036,1006
1036,1037
1037,1036
1037,1038
1038,1017
1038,1037
1039,1002
1039,1040
1040,1016
1040,1039
1040,1041
1041,1022
1041,1040
1042,1043
1042,1049
1043,1025
1043,1042
1044,1030
1044,1045
1045,1044
1045,1046
1045,1054
1045,1056
1046,1027
1046,1045
1047,1016
1047,1048
1048,1027
1048,1047
1049,1042
1049,1050
1050,1049
1050,1051
1050,1058
1050,1058
1050,1060
1051,1030
1051,1050
1058,1050
1058,1053
1058,1050
1058,1057
1053,1058
1053,1054
1053,1063
1053,1065
1054,1045
1054,1053
1055,1056
1055,1067
1056,1045
1056,1055
1057,1058
1057,1061
1057,1070
1058,1050
1058,1053
1058,1050
1058,1057
1059,1060
1059,1068
1060,1050
1060,1059
1061,1057
1061,1062
1062,1061
1062,1063
1062,1072
1062,1076
1062,1078
1062,1083
1063,1053
1063,1062
1064,1065
1065,1053
1065,1064
1066,1067
1067,1055
1067,1066
1068,1059
1068,1069
1069,1068
1069,1070
1069,1073
1070,1057
1070,1069
1071,1072
1071,1074
1071,1080
1071,1082
1071,1085
1072,1062
1072,1071
1073,1069
1073,1075
1074,1071
1074,1075
1075,1073
1075,1074
1075,1076
1076,1062
1076,1075
1077,1078
1077,1087
1078,1062
1078,1077
1079,1080
1079,1089
1079,1091
1079,1094
1080,1071
1080,1079
1081,1082
1081,1092
1081,1096
1082,1071
1082,1081
1083,1062
1083,1084
1084,1083
1084,1085
1085,1071
1085,1084
1086,1087
1087,1077
1087,1086
1088,1089
1089,1079
1089,1088
1090,1091
1090,1098
1090,1100
1090,1101
1090,1112
1091,1079
1091,1090
1092,1081
1092,1093
1093,1092
1093,1094
1093,1104
1094,1079
1094,1093
1095,1096
1095,1106
1096,1081
1096,1095
1097,1098
1097,1109
1097,1111
1097,1114
1098,1090
1098,1097
1099,1100
1099,1102
1099,1117
1099,1117
1100,1090
1100,1099
1101,1090
1101,1103
1102,1099
1102,1103
1103,1101
1103,1102
1103,1104
1104,1093
1104,1103
1105,1106
1105,1115
1105,1119
1105,1121
1105,1143
1106,1095
1106,1105
1117,1099
1117,1108
1117,1099
1117,1116
1108,1117
1108,1109
1108,1123
1109,1097
1109,1108
1110,1111
1111,1097
1111,1110
1112,1090
1112,1113
1113,1112
1113,1114
1114,1097
1114,1113
1115,1105
1115,1116
1116,1115
1116,1117
1116,1126
1117,1099
1117,1108
1117,1099
1117,1116
1118,1119
1118,1124
1118,1128
1118,1130
1119,1105
1119,1118
1120,1121
1121,1105
1121,1120
1122,1123
1122,1132
1122,1135
1123,1108
1123,1122
1124,1118
1124,1125
1125,1124
1125,1126
1125,1133
1125,1137
1126,1116
1126,1125
1127,1128
1127,1140
1127,1142
1128,1118
1128,1127
1129,1130
1129,1145
1130,1118
1130,1129
1131,1132
1131,1147
1131,1150
1131,1151
1131,1165
1132,1122
1132,1131
1133,1125
1133,1134
1134,1133
1134,1135
1134,1154
1134,1168
1135,1122
1135,1134
1136,1137
1136,1138
1136,1157
1136,1160
1137,1125
1137,1136
1137,1169
1138,1136
1138,1139
1139,1138
1139,1140
1140,1127
1140,1139
1141,1142
1141,1158
1141,1162
1142,1127
1142,1141
1143,1105
1143,1144
1144,1143
1144,1145
1145,1129
1145,1144
1146,1147
1146,1164
1146,1152
1146,1155
1146,1164
1146,1167
1147,1131
1147,1146
1164,1146
1164,1149
1164,1146
1164,1163
1149,1164
1149,1150
1150,1131
1150,1149
1151,1131
1151,1153
1152,1146
1152,1153
1153,1151
1153,1152
1153,1154
1153,1170
1154,1134
1154,1153
1155,1146
1155,1156
1156,1155
1156,1157
1156,1173
1157,1136
1157,1156
1158,1141
1158,1159
1159,1158
1159,1160
1159,1171
1160,1136
1160,1159
1161,1162
1161,1176
1161,1178
1162,1141
1162,1161
1163,1164
1164,1146
1164,1149
1164,1146
1164,1163
1165,1131
1165,1166
1166,1165
1166,1167
1167,1146
1167,1166
1168,1134
1168,1169
1169,1137
1169,1168
1169,1170
1170,1153
1170,1169
1171,1159
1171,1172
1172,1171
1172,1173
1172,1174
1173,1156
1173,1172
1174,1172
1174,1175
1175,1174
1175,1176
1175,1180
1176,1161
1176,1175
1177,1178
1177,1183
1177,1185
1178,1161
1178,1177
1179,1180
1179,1181
1179,1187
1179,1191
1179,1193
1180,1175
1180,1179
1181,1179
1181,1182
1182,1181
1182,1183
1182,1188
1183,1177
1183,1182
1184,1185
1184,1189
1185,1177
1185,1184
1186,1187
1187,1179
1187,1186
1188,1182
1188,1190
1189,1184
1189,1190
1190,1188
1190,1189
1190,1191
1190,1195
1190,1198
1191,1179
1191,1190
1192,1193
1192,1200
1192,1200
1193,1179
1193,1192
1194,1195
1194,1202
1194,1207
1195,1190
1195,1194
1200,1192
1200,1197
1200,1192
1200,1199
1197,1200
1197,1198
1197,1204
1198,1190
1198,1197
1199,1200
1199,1206
1200,1192
1200,1197
1200,1192
1200,1199
1201,1202
1201,1203
1201,1209
1202,1194
1202,1201
1203,1201
1203,1205
1204,1197
1204,1205
1204,1208
1205,1203
1205,1204
1205,1206
1206,1199
1206,1205
1207,1194
1207,1208
1208,1207
1208,1204
1208,1209
1209,1201
1209,1208
