0,2
0,4
0,6
0,8
0,12
1,2
1,14
2,0
2,1
3,4
3,10
3,16
3,19
4,0
4,3
5,6
5,9
5,21
5,23
6,0
6,5
7,8
7,25
7,27
7,29
7,32
7,47
8,0
8,7
9,5
9,11
10,3
10,11
11,9
11,10
11,12
11,34
12,0
12,11
13,14
13,36
13,38
13,40
14,1
14,13
15,16
15,17
15,42
16,3
16,15
17,15
17,18
18,17
18,19
18,44
19,3
19,18
20,21
21,5
21,20
22,23
22,46
23,5
23,22
24,25
24,49
24,51
24,65
25,7
25,24
26,27
26,30
27,7
27,26
28,29
29,7
29,28
30,26
30,31
31,30
31,32
32,7
32,31
33,34
33,53
33,56
33,72
34,11
34,33
35,36
35,58
35,78
36,13
36,35
37,38
37,60
37,62
38,13
38,37
39,40
39,64
40,13
40,39
41,42
42,15
42,41
43,44
44,18
44,43
45,46
46,22
46,45
47,7
47,48
48,47
48,49
49,24
49,48
50,51
50,67
51,24
51,50
52,53
52,54
52,69
52,71
52,75
53,33
53,52
54,52
54,55
55,54
55,56
55,73
55,77
56,33
56,55
57,58
57,80
57,82
58,35
58,57
59,60
59,84
60,37
60,59
61,62
61,86
62,37
62,61
63,64
63,88
63,91
64,39
64,63
65,24
65,66
66,65
66,67
67,50
67,66
68,69
68,93
69,52
69,68
70,71
70,95
70,141
71,52
71,70
72,33
72,74
73,55
73,74
74,72
74,73
74,75
74,97
75,52
75,74
76,77
76,99
76,102
76,105
77,55
77,76
78,35
78,79
78,81
79,78
79,80
80,57
80,79
81,78
81,82
82,57
82,81
83,84
84,59
84,83
85,86
85,107
85,109
85,111
85,154
86,61
86,85
87,88
87,89
87,113
87,116
87,161
88,63
88,87
89,87
89,90
90,89
90,91
90,114
90,119
90,121
90,123
91,63
91,90
92,93
92,125
92,128
92,131
92,134
92,136
92,138
92,140
92,181
92,237
93,68
93,92
94,95
94,143
94,146
94,149
95,70
95,94
96,97
97,74
97,96
98,99
98,100
99,76
99,98
100,98
100,101
101,100
101,102
101,103
101,151
101,153
102,76
102,101
103,101
103,104
104,103
104,105
105,76
105,104
106,107
106,156
106,158
106,206
107,85
107,106
108,109
109,85
109,108
110,111
111,85
111,110
112,113
112,160
112,163
113,87
113,112
114,90
114,115
115,114
115,116
115,117
115,166
116,87
116,115
117,115
117,118
118,117
118,119
118,164
118,169
118,171
118,220
119,90
119,118
120,121
121,90
121,120
122,123
123,90
123,122
124,125
124,126
124,129
124,173
124,175
124,177
125,92
125,124
125,201
126,124
126,127
127,126
127,128
127,180
127,183
128,92
128,127
129,124
129,130
130,129
130,131
130,132
130,185
130,187
130,190
130,193
130,195
130,197
131,92
131,130
132,130
132,133
133,132
133,134
133,200
134,92
134,133
135,136
136,92
136,135
137,138
138,92
138,137
139,140
139,202
140,92
140,139
141,70
141,142
142,141
142,143
142,144
142,205
143,94
143,142
144,142
144,145
145,144
145,146
145,147
145,203
146,94
146,145
147,145
147,148
148,147
148,149
149,94
149,148
150,151
151,101
151,150
152,153
153,101
153,152
154,85
154,155
155,154
155,156
156,106
156,155
157,158
157,208
158,106
158,157
159,160
159,210
159,212
159,214
160,112
160,159
161,87
161,162
162,161
162,163
163,112
163,162
164,118
164,165
165,164
165,166
165,167
165,217
165,219
166,115
166,165
167,165
167,168
168,167
168,169
168,215
169,118
169,168
170,171
170,222
170,224
170,227
171,118
171,170
172,173
172,229
172,232
173,124
173,172
174,175
175,124
175,174
176,177
176,178
177,124
177,176
178,176
178,179
179,178
179,180
179,230
179,236
180,127
180,179
181,92
181,182
182,181
182,183
182,234
182,239
182,242
183,127
183,182
184,185
185,130
185,184
186,187
186,256
186,191
186,245
186,248
186,251
186,254
186,256
186,313
187,130
187,186
256,186
256,189
256,186
256,255
189,256
189,190
189,259
189,266
189,322
189,328
190,130
190,189
191,186
191,192
192,191
192,193
192,243
192,252
192,261
192,263
192,292
192,300
193,130
193,192
194,195
194,265
194,265
194,293
194,331
195,130
195,194
196,197
196,268
197,130
197,196
265,194
265,199
265,194
265,264
199,265
199,200
200,133
200,199
201,125
201,202
202,139
202,201
203,145
203,204
204,203
204,205
205,142
205,204
206,106
206,207
207,206
207,208
208,157
208,207
209,210
209,270
209,273
209,275
210,159
210,209
211,212
211,277
211,279
212,159
212,211
213,214
213,281
213,283
213,285
214,159
214,213
215,168
215,216
215,218
215,221
216,215
216,217
217,165
217,216
218,215
218,219
219,165
219,218
220,118
220,221
221,215
221,220
221,222
221,225
222,170
222,221
223,224
224,170
224,223
225,221
225,226
226,225
226,227
227,170
227,226
228,229
228,287
229,172
229,228
230,179
230,231
231,230
231,232
231,233
231,289
232,172
232,231
233,231
233,235
234,182
234,235
235,233
235,234
235,236
235,240
236,179
236,235
237,92
237,238
238,237
238,239
238,291
239,182
239,238
240,235
240,241
241,240
241,242
242,182
242,241
243,192
243,244
244,243
244,245
244,246
244,295
244,297
244,299
244,302
244,304
244,306
245,186
245,244
246,244
246,247
247,246
247,248
247,249
247,308
247,310
247,404
248,186
248,247
249,247
249,250
250,249
250,251
250,312
250,316
250,403
251,186
251,250
252,192
252,253
253,252
253,254
254,186
254,253
255,256
255,257
255,314
255,319
255,321
256,186
256,189
256,186
256,255
257,255
257,258
258,257
258,259
258,317
258,324
258,327
258,330
259,189
259,258
260,261
261,192
261,260
262,263
263,192
263,262
264,265
264,333
265,194
265,199
265,194
265,264
266,189
266,267
267,266
267,268
268,196
268,267
269,270
269,271
269,336
269,339
269,341
269,419
270,209
270,269
271,269
271,272
272,271
272,273
272,334
273,209
273,272
274,275
275,209
275,274
276,277
277,211
277,276
278,279
278,343
279,211
279,278
280,281
280,345
280,348
281,213
281,280
282,283
282,350
282,352
282,432
283,213
283,282
284,285
284,354
285,213
285,284
286,287
286,356
286,359
286,361
286,363
287,228
287,286
288,289
288,365
288,367
288,370
289,231
289,288
290,291
290,372
291,238
291,290
292,192
292,294
293,194
293,294
294,292
294,293
294,295
294,455
295,244
295,294
296,297
296,374
296,454
297,244
297,296
298,299
298,305
298,378
298,381
298,384
298,387
299,244
299,298
300,192
300,301
301,300
301,302
302,244
302,301
303,304
304,244
304,303
305,298
305,307
306,244
306,307
307,305
307,306
307,308
307,376
308,247
308,307
309,310
309,375
309,390
309,393
309,396
310,247
310,309
311,312
311,399
311,402
311,406
311,483
312,250
312,311
313,186
313,315
314,255
314,315
315,313
315,314
315,316
316,250
316,315
317,258
317,318
318,317
318,319
319,255
319,318
320,321
320,325
320,397
320,400
320,408
320,410
321,255
321,320
322,189
322,323
323,322
323,324
324,258
324,323
325,320
325,326
326,325
326,327
327,258
327,326
328,189
328,329
329,328
329,330
330,258
330,329
331,194
331,332
332,331
332,333
332,412
333,264
333,332
334,272
334,335
335,334
335,336
335,337
335,414
336,269
336,335
337,335
337,338
338,337
338,339
338,416
338,418
339,269
339,338
340,341
340,421
340,423
341,269
341,340
342,343
342,425
343,278
343,342
344,345
344,427
344,427
344,429
345,280
345,344
427,344
427,347
427,344
427,426
347,427
347,348
347,431
348,280
348,347
349,350
349,435
350,282
350,349
351,352
351,433
352,282
352,351
353,354
354,284
354,353
355,356
355,357
355,438
356,286
356,355
357,355
357,358
358,357
358,359
358,436
358,441
359,286
359,358
360,361
361,286
361,360
362,363
362,443
362,445
362,447
362,506
363,286
363,362
364,365
365,288
365,364
366,367
366,368
367,288
367,366
368,366
368,369
369,368
369,370
369,449
370,288
370,369
371,372
371,451
372,290
372,371
373,374
373,453
373,457
373,513
374,296
374,373
375,309
375,377
376,307
376,377
377,375
377,376
377,378
377,379
378,298
378,377
379,377
379,380
380,379
380,381
380,382
380,388
380,459
380,461
381,298
381,380
382,380
382,383
383,382
383,384
383,385
383,464
384,298
384,383
385,383
385,386
386,385
386,387
386,462
386,466
386,470
386,473
387,298
387,386
388,380
388,389
389,388
389,390
389,391
390,309
390,389
391,389
391,392
392,391
392,393
392,394
392,476
392,479
393,309
393,392
394,392
394,395
395,394
395,396
395,474
395,482
396,309
396,395
397,320
397,398
398,397
398,399
399,311
399,398
400,320
400,401
401,400
401,402
401,485
402,311
402,401
403,250
403,405
404,247
404,405
405,403
405,404
405,406
406,311
406,405
407,408
408,320
408,407
409,410
410,320
410,409
411,412
411,488
411,490
412,332
412,411
413,414
413,492
413,494
414,335
414,413
415,416
415,497
416,338
416,415
417,418
417,499
418,338
418,417
419,269
419,420
420,419
420,421
421,340
421,420
422,423
422,501
423,340
423,422
424,425
425,342
425,424
426,427
427,344
427,347
427,344
427,426
428,429
429,344
429,428
430,431
431,347
431,430
432,282
432,434
433,351
433,434
434,432
434,433
434,435
435,349
435,434
436,358
436,437
437,436
437,438
437,439
437,503
438,355
438,437
439,437
439,440
440,439
440,441
441,358
441,440
442,443
443,362
443,442
444,445
444,505
444,508
445,362
445,444
446,447
447,362
447,446
448,449
449,369
449,448
450,451
451,371
451,450
452,453
452,486
452,510
452,512
453,373
453,452
454,296
454,456
455,294
455,456
456,454
456,455
456,457
456,515
457,373
457,456
458,459
458,517
458,519
459,380
459,458
460,461
460,521
460,523
460,525
460,527
460,553
461,380
461,460
462,386
462,463
463,462
463,464
463,468
464,383
464,463
465,466
465,467
465,471
465,495
465,530
465,532
466,386
466,465
467,465
467,469
468,463
468,469
469,467
469,468
469,470
469,528
470,386
470,469
471,465
471,472
472,471
472,473
473,386
473,472
474,395
474,475
475,474
475,476
475,477
475,480
475,535
476,392
476,475
477,475
477,478
478,477
478,479
478,533
479,392
479,478
480,475
480,481
481,480
481,482
481,537
481,539
482,395
482,481
483,311
483,484
484,483
484,485
485,401
485,484
486,452
486,487
487,486
487,488
488,411
488,487
489,490
490,411
490,489
491,492
492,413
492,491
493,494
494,413
494,493
495,465
495,496
496,495
496,497
496,541
497,415
497,496
498,499
498,543
499,417
499,498
500,501
501,422
501,500
502,503
502,545
502,548
502,550
502,552
503,437
503,502
504,505
505,444
505,504
506,362
506,507
507,506
507,508
508,444
508,507
509,510
510,452
510,509
511,512
512,452
512,511
513,373
513,514
514,513
514,515
515,456
515,514
516,517
517,458
517,516
518,519
519,458
519,518
520,521
521,460
521,520
522,523
522,555
523,460
523,522
524,525
524,557
525,460
525,524
526,527
527,460
527,526
528,469
528,529
529,528
529,530
529,559
530,465
530,529
531,532
532,465
532,531
533,478
533,534
534,533
534,535
534,561
534,563
535,475
535,534
536,537
536,565
537,481
537,536
538,539
539,481
539,538
540,541
540,567
540,601
541,496
541,540
542,543
543,498
543,542
544,545
544,546
544,570
544,573
544,576
545,502
545,544
546,544
546,547
547,546
547,548
547,568
547,574
548,502
548,547
549,550
549,578
549,581
549,583
549,585
549,611
550,502
550,549
551,552
551,587
551,589
551,628
552,502
552,551
553,460
553,554
554,553
554,555
555,522
555,554
556,557
557,524
557,556
558,559
558,591
559,529
559,558
560,561
561,534
561,560
562,563
562,593
563,534
563,562
564,565
564,595
564,598
565,536
565,564
566,567
566,600
566,603
567,540
567,566
568,547
568,569
569,568
569,570
569,571
569,605
569,608
570,544
570,569
571,569
571,572
572,571
572,573
572,610
573,544
573,572
574,547
574,575
575,574
575,576
576,544
576,575
577,578
577,579
578,549
578,577
579,577
579,580
580,579
580,581
580,614
581,549
581,580
582,583
582,616
583,549
583,582
584,585
584,612
584,618
584,620
584,625
585,549
585,584
586,587
586,627
586,631
587,551
587,586
588,589
588,629
589,551
589,588
590,591
590,633
590,686
591,558
591,590
592,593
593,562
593,592
594,595
594,596
594,636
594,638
595,564
595,594
596,594
596,597
597,596
597,598
597,634
597,640
597,643
597,646
597,648
598,564
598,597
599,600
599,650
599,652
599,654
599,705
600,566
600,599
601,540
601,602
602,601
602,603
602,656
603,566
603,602
604,605
604,606
604,658
604,659
604,709
605,569
605,604
606,604
606,607
607,606
607,608
607,661
608,569
608,607
609,610
609,663
609,666
609,668
609,670
610,572
610,609
611,549
611,613
612,584
612,613
613,611
613,612
613,614
613,622
614,580
614,613
615,616
615,623
615,672
616,582
616,615
617,618
617,621
617,674
617,676
617,679
618,584
618,617
619,620
620,584
620,619
621,617
621,624
622,613
622,624
623,615
623,624
624,621
624,622
624,623
624,625
625,584
625,624
626,627
626,681
626,683
626,685
627,586
627,626
628,551
628,630
629,588
629,630
630,628
630,629
630,631
631,586
631,630
632,633
632,688
632,690
632,692
633,590
633,632
634,597
634,635
635,634
635,636
635,641
636,594
636,635
637,638
638,594
638,637
639,640
639,694
639,696
639,698
640,597
640,639
641,635
641,642
642,641
642,643
642,644
643,597
643,642
644,642
644,645
645,644
645,646
645,700
646,597
646,645
647,648
647,702
647,750
648,597
648,647
649,650
649,704
649,708
650,599
650,649
651,652
652,599
652,651
653,654
653,706
654,599
654,653
655,656
656,602
656,655
657,658
657,711
657,713
657,715
657,753
658,604
658,657
659,604
659,660
660,659
660,661
661,607
661,660
662,663
662,664
662,717
662,720
662,722
663,609
663,662
664,662
664,665
665,664
665,666
665,724
665,726
666,609
666,665
667,668
667,728
668,609
668,667
669,670
670,609
670,669
671,672
671,730
672,615
672,671
673,674
673,677
673,732
673,734
674,617
674,673
675,676
676,617
676,675
677,673
677,678
678,677
678,679
679,617
679,678
680,681
681,626
681,680
682,683
683,626
683,682
684,685
684,736
685,626
685,684
686,590
686,687
686,689
686,691
687,686
687,688
688,632
688,687
689,686
689,690
690,632
690,689
691,686
691,692
692,632
692,691
693,694
694,639
694,693
695,696
696,639
696,695
697,698
698,639
698,697
699,700
699,738
699,741
699,744
700,645
700,699
701,702
701,746
701,749
701,752
702,647
702,701
703,704
704,649
704,703
705,599
705,707
706,653
706,707
707,705
707,706
707,708
708,649
708,707
709,604
709,710
710,709
710,711
710,754
711,657
711,710
712,713
712,756
713,657
713,712
714,715
715,657
715,714
716,717
716,718
717,662
717,716
718,716
718,719
719,718
719,720
719,758
720,662
720,719
721,722
721,760
721,762
721,803
722,662
722,721
723,724
723,764
723,767
724,665
724,723
725,726
726,665
726,725
727,728
727,769
728,667
728,727
729,730
730,671
730,729
731,732
732,673
732,731
733,734
734,673
734,733
735,736
736,684
736,735
737,738
737,739
737,742
737,771
737,773
738,699
738,737
739,737
739,740
740,739
740,741
740,775
740,778
741,699
741,740
742,737
742,743
743,742
743,744
743,780
743,782
743,784
743,822
744,699
744,743
745,746
745,747
745,786
745,788
746,701
746,745
747,745
747,748
748,747
748,749
749,701
749,748
750,647
750,751
751,750
751,752
752,701
752,751
753,657
753,755
754,710
754,755
755,753
755,754
755,756
756,712
756,755
757,758
757,790
757,793
758,719
758,757
759,760
759,795
759,797
759,800
759,802
759,804
760,721
760,759
761,762
761,806
762,721
762,761
763,764
763,765
764,723
764,763
765,763
765,766
766,765
766,767
767,723
767,766
768,769
769,727
769,768
770,771
770,808
770,810
771,737
771,770
772,773
773,737
773,772
774,775
774,812
774,812
774,814
774,817
775,740
775,774
812,774
812,777
812,774
812,811
777,812
777,778
778,740
778,777
779,780
779,819
779,852
780,743
780,779
781,782
782,743
782,781
783,784
783,821
783,825
784,743
784,783
785,786
786,745
786,785
787,788
788,745
788,787
789,790
789,791
790,757
790,789
791,789
791,792
792,791
792,793
793,757
793,792
794,795
794,798
794,827
794,829
794,832
794,833
794,860
795,759
795,794
796,797
797,759
797,796
798,794
798,799
799,798
799,800
799,835
799,857
800,759
800,799
801,802
802,759
802,801
803,721
803,805
804,759
804,805
805,803
805,804
805,806
806,761
806,805
807,808
807,837
807,839
807,841
808,770
808,807
809,810
809,843
809,845
809,848
810,770
810,809
810,840
811,812
812,774
812,777
812,774
812,811
813,814
813,815
814,774
814,813
815,813
815,816
816,815
816,817
817,774
817,816
818,819
818,851
818,854
819,779
819,818
820,821
820,823
820,849
820,875
821,783
821,820
822,743
822,824
823,820
823,824
824,822
824,823
824,825
825,783
825,824
826,827
826,856
827,794
827,826
828,829
828,830
829,794
829,828
830,828
830,831
831,830
831,832
831,859
832,794
832,831
833,794
833,834
834,833
834,835
834,862
835,799
835,834
836,837
837,807
837,836
838,839
839,807
839,838
840,810
840,841
841,807
841,840
842,843
843,809
843,842
844,845
844,846
844,864
845,809
845,844
846,844
846,847
847,846
847,848
847,866
847,868
847,871
847,874
847,880
848,809
848,847
849,820
849,850
850,849
850,851
850,877
851,818
851,850
852,779
852,853
853,852
853,854
854,818
854,853
855,856
856,826
856,855
857,799
857,858
858,857
858,859
859,831
859,858
860,794
860,861
861,860
861,862
862,834
862,861
863,864
864,844
864,863
865,866
866,847
866,865
867,868
867,879
867,879
867,883
868,847
868,867
879,867
879,870
879,867
879,878
870,879
870,871
870,885
870,881
870,885
871,847
871,870
885,870
885,873
885,870
885,884
873,885
873,874
874,847
874,873
875,820
875,876
876,875
876,877
877,850
877,876
878,879
878,887
879,867
879,870
879,867
879,878
880,847
880,882
881,870
881,882
882,880
882,881
882,883
883,867
883,882
884,885
884,888
885,870
885,873
885,870
885,884
886,887
886,890
887,878
887,886
888,884
888,889
889,888
889,890
890,886
890,889
