0,2
0,4
0,6
0,10
0,15
1,2
1,12
1,12
1,14
2,0
2,1
3,4
3,7
4,0
4,3
5,6
5,18
6,0
6,5
7,3
7,9
12,1
12,9
12,1
12,11
9,7
9,12
9,10
10,0
10,9
11,12
11,20
11,22
12,1
12,9
12,1
12,11
13,14
13,16
13,24
14,1
14,13
15,0
15,17
16,13
16,17
17,15
17,16
17,18
18,5
18,17
19,20
19,26
19,29
20,11
20,19
21,22
22,11
22,21
23,24
23,31
24,13
24,23
25,26
25,27
25,33
26,19
26,25
27,25
27,28
28,27
28,29
29,19
29,28
30,31
30,35
30,37
31,23
31,30
32,33
32,39
32,41
33,25
33,32
34,35
34,43
34,45
34,47
34,49
35,30
35,34
36,37
37,30
37,36
38,39
38,51
39,32
39,38
40,41
41,32
41,40
42,43
42,54
43,34
43,42
44,45
45,34
45,44
46,47
47,34
47,46
48,49
48,56
48,56
48,58
49,34
49,48
50,51
50,60
50,63
51,38
51,50
56,48
56,53
56,48
56,55
53,56
53,54
53,65
54,42
54,53
55,56
55,67
56,48
56,53
56,48
56,55
57,58
58,48
58,57
59,60
59,69
59,69
59,72
60,50
60,59
69,59
69,62
69,59
69,68
62,69
62,63
63,50
63,62
64,65
64,75
64,77
65,53
65,64
66,67
66,73
66,80
66,82
66,85
67,55
67,66
68,69
68,70
68,87
68,89
69,59
69,62
69,59
69,68
70,68
70,71
71,70
71,72
71,91
71,94
72,59
72,71
73,66
73,74
74,73
74,75
74,78
75,64
75,74
76,77
77,64
77,76
78,74
78,79
79,78
79,80
80,66
80,79
81,82
81,83
81,96
81,99
82,66
82,81
83,81
83,84
84,83
84,85
84,97
85,66
85,84
86,87
86,92
86,101
86,103
86,106
86,109
86,112
87,68
87,86
88,89
88,114
89,68
89,88
90,91
90,116
90,119
91,71
91,90
91,144
92,86
92,93
93,92
93,94
93,117
94,71
94,93
95,96
95,122
95,124
96,81
96,95
97,84
97,98
98,97
98,99
98,126
98,126
99,81
99,98
100,101
100,104
100,107
100,129
101,86
101,100
102,103
103,86
103,102
104,100
104,105
105,104
105,106
105,110
105,131
105,131
106,86
106,105
107,100
107,108
108,107
108,109
108,134
109,86
109,108
110,105
110,111
111,110
111,112
111,136
111,139
112,86
112,111
113,114
113,137
113,141
114,88
114,113
115,116
115,143
115,145
115,147
115,149
115,152
116,90
116,115
117,93
117,118
118,117
118,119
118,132
119,90
119,118
126,98
126,121
126,98
126,125
121,126
121,122
121,155
122,95
122,121
123,124
124,95
124,123
125,126
125,154
125,158
126,98
126,121
126,98
126,125
131,105
131,128
131,105
131,130
128,131
128,129
128,160
129,100
129,128
130,131
130,162
131,105
131,128
131,105
131,130
132,118
132,133
133,132
133,134
133,164
133,166
134,108
134,133
135,136
135,168
135,170
136,111
136,135
137,113
137,138
138,137
138,139
138,173
139,111
139,138
140,141
141,113
141,140
142,143
142,150
142,176
142,178
143,115
143,142
143,183
144,91
144,145
145,115
145,144
146,147
146,180
146,182
146,184
146,186
147,115
147,146
148,149
148,237
149,115
149,148
150,142
150,151
151,150
151,152
151,188
151,188
152,115
152,151
153,154
153,192
153,190
153,192
153,195
154,125
154,153
154,249
155,121
155,157
192,153
192,157
192,153
192,191
157,155
157,192
157,158
158,125
158,157
159,160
159,197
159,199
159,202
159,204
159,207
160,128
160,159
161,162
161,200
161,209
161,212
161,215
161,217
162,130
162,161
163,164
163,220
163,223
164,133
164,163
165,166
165,225
165,225
165,258
166,133
166,165
167,168
167,171
167,228
168,135
168,167
169,170
169,230
169,226
169,230
169,234
170,135
170,169
171,167
171,172
172,171
172,173
173,138
173,172
188,151
188,175
188,185
188,151
188,187
175,188
175,176
175,236
176,142
176,175
177,178
178,142
178,177
179,180
179,239
180,146
180,179
181,182
182,146
182,181
183,143
183,184
184,146
184,183
185,188
185,186
185,241
186,146
186,185
187,188
187,244
188,151
188,175
188,185
188,151
188,187
189,190
189,193
189,246
189,248
190,153
190,189
191,192
192,153
192,157
192,153
192,191
193,189
193,194
194,193
194,195
194,250
195,153
195,194
196,197
196,252
197,159
197,196
198,199
198,205
199,159
199,198
200,161
200,201
201,200
201,202
202,159
202,201
203,204
203,254
203,256
203,270
204,159
204,203
205,198
205,206
206,205
206,207
206,260
207,159
207,206
208,209
208,262
208,264
209,161
209,208
230,169
230,211
230,169
230,229
211,230
211,212
211,213
212,161
212,211
213,211
213,214
214,213
214,215
215,161
215,214
216,217
216,291
217,161
217,216
225,165
225,219
225,165
225,224
219,225
219,220
219,221
219,267
219,269
220,163
220,219
221,219
221,222
222,221
222,223
223,163
223,222
224,225
224,257
224,273
224,273
225,165
225,219
225,165
225,224
226,169
226,227
227,226
227,228
227,231
228,167
228,227
229,230
229,232
230,169
230,211
230,169
230,229
231,227
231,233
232,229
232,233
233,231
233,232
233,234
234,169
234,233
235,236
235,275
236,175
236,235
237,148
237,238
238,237
238,239
239,179
239,238
240,241
240,242
240,277
241,185
241,240
242,240
242,243
243,242
243,244
243,331
244,187
244,243
245,246
245,279
245,282
246,189
246,245
247,248
247,284
247,284
248,189
248,247
249,154
249,250
250,194
250,249
251,252
252,196
252,251
253,254
253,271
253,286
253,288
254,203
254,253
255,256
256,203
256,255
257,224
257,259
258,165
258,259
259,257
259,258
259,260
260,206
260,259
261,262
261,290
261,293
261,295
262,208
262,261
263,264
264,208
264,263
273,224
273,266
273,224
273,272
266,273
266,267
266,298
266,301
267,219
267,266
268,269
268,296
268,303
269,219
269,268
270,203
270,272
271,253
271,272
272,270
272,271
272,273
272,299
273,224
273,266
273,224
273,272
274,275
274,305
275,235
275,274
276,277
276,307
276,310
276,326
277,240
277,276
278,279
278,312
278,315
279,245
279,278
284,247
284,281
284,247
284,283
281,284
281,282
281,313
282,245
282,281
283,284
284,247
284,281
284,247
284,283
285,286
285,317
285,319
286,253
286,285
287,288
288,253
288,287
289,290
289,321
290,261
290,289
291,216
291,292
292,291
292,293
292,323
293,261
293,292
294,295
295,261
295,294
296,268
296,297
297,296
297,298
297,325
298,266
298,297
299,272
299,300
300,299
300,301
301,266
301,300
302,303
303,268
303,302
304,305
305,274
305,304
306,307
306,308
306,328
307,276
307,306
308,306
308,309
308,344
309,308
309,310
309,330
309,333
310,276
310,309
311,312
311,335
312,278
312,311
313,281
313,314
314,313
314,315
315,278
315,314
316,317
316,337
317,285
317,316
318,319
318,339
319,285
319,318
319,410
320,321
320,341
321,289
321,320
322,323
323,292
323,322
324,325
324,343
324,387
325,297
325,324
325,431
326,276
326,327
327,326
327,328
328,306
328,327
329,330
329,345
329,347
330,309
330,329
331,243
331,332
332,331
332,333
333,309
333,332
334,335
334,349
334,397
335,311
335,334
336,337
336,351
336,353
336,370
337,316
337,336
338,339
338,356
338,358
339,318
339,338
339,342
339,371
340,341
340,360
341,320
341,340
342,339
342,343
342,363
343,324
343,342
344,308
344,345
345,329
345,344
346,347
346,365
347,329
347,346
348,349
348,367
349,334
349,348
350,351
350,369
350,369
351,336
351,350
352,353
353,336
353,352
369,350
369,355
369,350
369,368
355,369
355,356
355,372
355,375
356,338
356,355
357,358
357,361
357,378
357,380
357,384
358,338
358,357
359,360
359,386
359,428
359,484
360,340
360,359
361,357
361,362
362,361
362,363
362,376
362,389
363,342
363,362
364,365
364,391
364,393
364,396
365,346
365,364
366,367
366,399
366,401
366,404
367,348
367,366
368,369
368,373
368,406
368,409
369,350
369,355
369,350
369,368
370,336
370,371
371,339
371,370
371,372
371,411
372,355
372,371
373,368
373,374
374,373
374,375
374,382
374,413
375,355
375,374
376,362
376,377
377,376
377,378
377,416
377,418
377,420
378,357
378,377
379,380
379,381
379,414
379,422
379,452
380,357
380,379
381,379
381,383
382,374
382,383
383,381
383,382
383,384
383,425
384,357
384,383
385,386
385,427
385,430
386,359
386,385
387,324
387,388
388,387
388,389
388,432
389,362
389,388
390,391
390,394
390,434
390,436
391,364
391,390
392,393
392,465
393,364
393,392
394,390
394,395
395,394
395,396
395,439
396,364
396,395
397,334
397,398
398,397
398,399
398,441
399,366
399,398
400,401
400,402
401,366
401,400
402,400
402,403
403,402
403,404
403,443
404,366
404,403
405,406
405,407
405,446
406,368
406,405
407,405
407,408
408,407
408,409
409,368
409,408
410,319
410,411
411,371
411,410
412,413
412,423
412,444
413,374
413,412
414,379
414,415
415,414
415,416
416,377
416,415
417,418
418,377
418,417
419,420
419,448
420,377
420,419
421,422
421,450
421,454
422,379
422,421
423,412
423,424
424,423
424,425
424,451
424,456
425,383
425,424
426,427
426,458
427,385
427,426
428,359
428,429
429,428
429,430
430,385
430,429
431,325
431,432
432,388
432,431
433,434
433,437
433,460
433,462
434,390
434,433
435,436
435,464
435,467
436,390
436,435
437,433
437,438
438,437
438,439
439,395
439,438
440,441
441,398
441,440
442,443
442,469
442,545
443,403
443,442
444,412
444,445
445,444
445,446
446,405
446,445
447,448
447,471
448,419
448,447
448,495
449,450
449,473
449,475
450,421
450,449
451,424
451,453
452,379
452,453
453,451
453,452
453,454
453,478
454,421
454,453
455,456
455,480
455,483
456,424
456,455
457,458
457,486
458,426
458,457
459,460
459,488
460,433
460,459
461,462
461,490
462,433
462,461
463,464
464,435
464,463
465,392
465,466
466,465
466,467
467,435
467,466
468,469
468,492
468,546
469,442
469,468
470,471
470,494
470,496
471,447
471,470
472,473
472,498
472,500
472,503
473,449
473,472
474,475
474,476
474,505
475,449
475,474
476,474
476,477
477,476
477,478
478,453
478,477
479,480
479,481
479,507
480,455
480,479
481,479
481,482
482,481
482,483
482,510
482,514
483,455
483,482
484,359
484,485
485,484
485,486
485,516
486,457
486,485
487,488
487,518
488,459
488,487
489,490
489,520
490,461
490,489
491,492
491,522
491,524
491,563
492,468
492,491
493,494
494,470
494,493
495,448
495,496
495,526
496,470
496,495
497,498
498,472
498,497
499,500
499,501
499,528
500,472
500,499
501,499
501,502
502,501
502,503
502,531
503,472
503,502
504,505
504,508
504,534
505,474
505,504
506,507
506,511
506,533
507,479
507,506
508,504
508,509
509,508
509,510
509,512
509,536
510,482
510,509
511,506
511,513
512,509
512,513
513,511
513,512
513,514
514,482
514,513
515,516
516,485
516,515
517,518
517,538
518,487
518,517
519,520
519,540
519,542
520,489
520,519
521,522
522,491
522,521
523,524
523,544
523,549
524,491
524,523
525,526
525,551
526,495
526,525
527,528
527,529
527,553
527,555
528,499
528,527
529,527
529,530
530,529
530,531
531,502
531,530
532,533
532,558
532,560
533,506
533,532
534,504
534,535
535,534
535,536
535,556
536,509
536,535
537,538
537,562
538,517
538,537
539,540
540,519
540,539
541,542
542,519
542,541
543,544
543,567
543,565
543,567
544,523
544,543
545,442
545,548
546,468
546,548
567,543
567,548
567,543
567,566
548,545
548,546
548,567
548,549
549,523
549,548
550,551
551,525
551,550
552,553
552,569
553,527
553,552
554,555
554,571
554,573
554,576
555,527
555,554
555,568
556,535
556,557
557,556
557,558
557,578
557,581
558,532
558,557
559,560
559,579
560,532
560,559
561,562
561,583
561,586
562,537
562,561
563,491
563,564
564,563
564,565
565,543
565,564
566,567
567,543
567,548
567,543
567,566
568,555
568,569
568,574
568,588
569,552
569,568
570,571
570,590
571,554
571,570
572,573
572,592
572,594
573,554
573,572
574,568
574,575
575,574
575,576
576,554
576,575
577,578
577,596
578,557
578,577
579,559
579,580
580,579
580,581
580,598
581,557
581,580
582,583
582,584
582,600
582,603
583,561
583,582
584,582
584,585
585,584
585,586
585,606
586,561
586,585
587,588
588,568
588,587
589,590
589,608
590,570
590,589
591,592
591,610
591,612
591,614
591,671
592,572
592,591
593,594
593,617
593,649
594,572
594,593
595,596
595,620
596,577
596,595
597,598
597,622
597,622
597,625
598,580
598,597
599,600
599,627
599,627
599,630
600,582
600,599
627,599
627,602
627,599
627,626
602,627
602,603
602,604
602,632
603,582
603,602
604,602
604,605
605,604
605,606
605,634
606,585
606,605
607,608
608,589
608,607
609,610
609,615
609,637
610,591
610,609
611,612
611,639
611,641
612,591
612,611
613,614
613,644
614,591
614,613
615,609
615,616
616,615
616,617
616,646
616,646
616,648
617,593
617,616
622,597
622,619
622,597
622,621
619,622
619,620
619,652
619,655
620,595
620,619
621,622
621,623
621,654
621,658
622,597
622,619
622,597
622,621
623,621
623,624
624,623
624,625
624,660
624,695
625,597
625,624
626,627
626,628
626,663
627,599
627,602
627,599
627,626
628,626
628,629
629,628
629,630
629,665
630,599
630,629
631,632
631,661
631,668
631,727
632,602
632,631
633,634
633,666
634,605
634,633
646,616
646,636
646,616
646,645
636,646
636,637
637,609
637,636
638,639
638,670
638,673
639,611
639,638
640,641
640,677
640,675
640,677
640,680
641,611
641,640
677,640
677,643
677,640
677,676
643,677
643,644
644,613
644,643
645,646
645,682
645,686
646,616
646,636
646,616
646,645
647,648
647,650
647,656
647,683
648,616
648,647
649,593
649,651
650,647
650,651
651,649
651,650
651,652
652,619
652,651
653,654
653,689
653,691
654,621
654,653
655,619
655,657
656,647
656,657
657,655
657,656
657,658
658,621
658,657
659,660
659,693
659,697
659,700
660,624
660,659
661,631
661,662
662,661
662,663
663,626
663,662
664,665
665,629
665,664
666,633
666,667
667,666
667,668
667,702
668,631
668,667
669,670
669,678
669,704
669,706
670,638
670,669
671,591
671,672
672,671
672,673
673,638
673,672
674,675
674,710
674,712
675,640
675,674
676,677
677,640
677,643
677,640
677,676
678,669
678,679
679,678
679,680
679,707
680,640
680,679
681,682
681,684
681,687
682,645
682,681
683,647
683,685
684,681
684,685
685,683
685,684
685,686
686,645
686,685
687,681
687,688
688,687
688,689
688,714
688,716
689,653
689,688
690,691
690,694
690,719
691,653
691,690
692,693
692,721
692,721
693,659
693,692
694,690
694,696
695,624
695,696
696,694
696,695
696,697
696,722
697,659
697,696
721,692
721,699
721,692
721,720
699,721
699,700
699,724
700,659
700,699
701,702
701,726
701,729
701,733
702,667
702,701
703,704
703,708
703,735
704,669
704,703
705,706
705,766
706,669
706,705
707,679
707,709
708,703
708,709
709,707
709,708
709,710
709,737
710,674
710,709
711,712
711,739
711,742
711,744
712,674
712,711
713,714
713,717
713,747
713,750
713,753
714,688
714,713
715,716
715,748
716,688
716,715
717,713
717,718
718,717
718,719
718,745
719,690
719,718
720,721
720,755
720,757
721,692
721,699
721,692
721,720
722,696
722,723
723,722
723,724
724,699
724,723
725,726
725,731
725,759
726,701
726,725
727,631
727,728
728,727
728,729
728,730
728,761
729,701
729,728
730,728
730,732
731,725
731,732
732,730
732,731
732,733
732,763
733,701
733,732
734,735
734,765
734,768
735,703
735,734
736,737
736,771
736,773
737,709
737,736
738,739
738,740
738,775
739,711
739,738
740,738
740,741
741,740
741,742
742,711
742,741
743,744
744,711
744,743
745,718
745,746
746,745
746,747
746,751
747,713
747,746
748,715
748,749
749,748
749,750
750,713
750,749
751,746
751,752
752,751
752,753
753,713
753,752
754,755
754,777
754,779
754,782
754,784
755,720
755,754
756,757
756,780
756,786
757,720
757,756
758,759
758,788
758,790
758,792
759,725
759,758
760,761
761,728
761,760
762,763
763,732
763,762
764,765
764,794
764,794
765,734
765,764
766,705
766,767
767,766
767,768
768,734
768,767
794,764
794,770
794,764
794,793
770,794
770,771
770,796
771,736
771,770
772,773
773,736
773,772
773,795
774,775
775,738
775,774
776,777
777,754
777,776
778,779
778,798
778,827
779,754
779,778
780,756
780,781
781,780
781,782
781,801
781,804
781,807
782,754
782,781
782,810
783,784
783,805
783,809
783,811
784,754
784,783
785,786
785,799
785,813
786,756
786,785
787,788
787,815
787,816
788,758
788,787
789,790
790,758
790,789
791,792
791,818
792,758
792,791
793,794
793,820
793,822
794,764
794,770
794,764
794,793
795,773
795,796
795,824
796,770
796,795
797,798
797,826
797,829
798,778
798,797
799,785
799,800
800,799
800,801
800,802
800,831
801,781
801,800
802,800
802,803
803,802
803,804
803,833
803,835
804,781
804,803
805,783
805,806
806,805
806,807
806,837
807,781
807,806
808,809
808,840
808,842
808,844
809,783
809,808
810,782
810,811
811,783
811,810
812,813
813,785
813,812
814,815
814,846
814,849
814,851
814,919
815,787
815,814
816,787
816,817
817,816
817,818
817,853
817,966
818,791
818,817
819,820
819,856
819,858
820,793
820,819
821,822
821,861
822,793
822,821
823,824
823,854
824,795
824,823
825,826
825,863
825,863
825,865
826,797
826,825
827,778
827,828
828,827
828,829
829,797
829,828
830,831
831,800
831,830
832,833
833,803
833,832
833,836
834,835
834,867
835,803
835,834
836,833
836,837
837,806
837,836
863,825
863,839
863,825
863,862
839,863
839,840
839,870
839,872
840,808
840,839
841,842
841,868
842,808
842,841
843,844
844,808
844,843
845,846
845,847
846,814
846,845
847,845
847,848
848,847
848,849
848,874
848,877
849,814
849,848
850,851
850,879
851,814
851,850
852,853
853,817
853,852
854,823
854,855
854,951
855,854
855,856
855,885
855,909
855,929
856,819
856,855
857,858
857,859
857,881
857,883
857,887
858,819
858,857
859,857
859,860
860,859
860,861
861,821
861,860
862,863
862,889
862,891
863,825
863,839
863,825
863,862
864,865
864,893
865,825
865,864
866,867
867,834
867,866
868,841
868,869
869,868
869,870
869,895
870,839
870,869
870,890
871,872
872,839
872,871
873,874
873,875
873,897
874,848
874,873
875,873
875,876
876,875
876,877
876,899
877,848
877,876
878,879
878,901
878,903
879,850
879,878
880,881
880,906
881,857
881,880
882,883
882,884
882,904
882,908
883,857
883,882
884,882
884,886
885,855
885,886
886,884
886,885
886,887
886,911
887,857
887,886
888,889
888,913
888,916
889,862
889,888
889,892
890,870
890,891
891,862
891,890
892,889
892,893
893,864
893,892
894,895
895,869
895,894
896,897
897,873
897,896
898,899
899,876
899,898
900,901
900,918
900,921
901,878
901,900
902,903
902,924
903,878
903,902
904,882
904,905
905,904
905,906
905,926
906,880
906,905
907,908
907,928
908,882
908,907
908,910
909,855
909,910
910,909
910,908
910,911
910,931
911,886
911,910
912,913
912,914
912,933
912,935
913,888
913,912
914,912
914,915
915,914
915,916
915,937
916,888
916,915
917,918
917,939
917,939
917,941
918,900
918,917
919,814
919,920
920,919
920,921
921,900
921,920
939,917
939,923
939,917
939,938
923,939
923,924
924,902
924,923
925,926
925,943
925,945
926,905
926,925
927,928
927,948
927,950
928,907
928,927
929,855
929,930
930,929
930,931
930,952
931,910
931,930
932,933
932,954
932,956
933,912
933,932
934,935
934,982
935,912
935,934
936,937
936,959
936,961
937,915
937,936
938,939
938,963
938,965
938,989
939,917
939,923
939,917
939,938
940,941
940,968
941,917
941,940
942,943
942,946
942,970
943,925
943,942
943,976
944,945
945,925
945,944
946,942
946,947
947,946
947,948
947,972
947,975
947,977
948,927
948,947
949,950
950,927
950,949
951,854
951,952
951,979
952,930
952,951
953,954
953,957
954,932
954,953
955,956
955,981
955,985
956,932
956,955
957,953
957,958
958,957
958,959
958,988
959,936
959,958
960,961
960,986
961,936
961,960
962,963
962,991
963,938
963,962
964,965
964,994
965,938
965,964
966,817
966,967
967,966
967,968
968,940
968,967
969,970
969,973
969,996
970,942
970,969
971,972
971,998
971,1002
972,947
972,971
973,969
973,974
974,973
974,975
974,1000
975,947
975,974
976,943
976,977
977,947
977,976
978,979
979,951
979,978
980,981
980,983
981,955
981,980
982,934
982,984
983,980
983,984
984,982
984,983
984,985
985,955
985,984
986,960
986,987
987,986
987,988
987,1004
988,958
988,987
989,938
989,990
990,989
990,991
990,992
991,962
991,990
992,990
992,993
993,992
993,994
993,1006
993,1009
994,964
994,993
995,996
995,999
995,1011
995,1024
996,969
996,995
997,998
997,1013
998,971
998,997
999,995
999,1001
1000,974
1000,1001
1001,999
1001,1000
1001,1002
1001,1023
1002,971
1002,1001
1003,1004
1003,1015
1003,1017
1004,987
1004,1003
1005,1006
1005,1019
1005,1019
1006,993
1006,1005
1019,1005
1019,1008
1019,1005
1019,1018
1008,1019
1008,1009
1009,993
1009,1008
1010,1011
1010,1021
1010,1026
1011,995
1011,1010
1012,1013
1012,1022
1012,1028
1012,1030
1012,1054
1013,997
1013,1012
1014,1015
1014,1032
1014,1034
1015,1003
1015,1014
1016,1017
1017,1003
1017,1016
1018,1019
1018,1036
1019,1005
1019,1008
1019,1005
1019,1018
1020,1021
1020,1038
1020,1053
1021,1010
1021,1020
1022,1012
1022,1025
1023,1001
1023,1025
1024,995
1024,1025
1025,1022
1025,1023
1025,1024
1025,1026
1026,1010
1026,1025
1027,1028
1027,1041
1027,1052
1027,1057
1028,1012
1028,1027
1029,1030
1030,1012
1030,1029
1031,1032
1031,1043
1032,1014
1032,1031
1033,1034
1034,1014
1034,1033
1035,1036
1035,1045
1035,1047
1036,1018
1036,1035
1037,1038
1037,1039
1037,1049
1037,1051
1037,1056
1038,1020
1038,1037
1039,1037
1039,1040
1040,1039
1040,1041
1040,1059
1041,1027
1041,1040
1042,1043
1042,1061
1043,1031
1043,1042
1044,1045
1044,1063
1044,1065
1045,1035
1045,1044
1046,1047
1047,1035
1047,1046
1048,1049
1048,1068
1049,1037
1049,1048
1050,1051
1050,1066
1050,1071
1050,1073
1050,1075
1051,1037
1051,1050
1052,1027
1052,1055
1053,1020
1053,1055
1054,1012
1054,1055
1055,1052
1055,1053
1055,1054
1055,1056
1056,1037
1056,1055
1057,1027
1057,1058
1058,1057
1058,1059
1059,1040
1059,1058
1060,1061
1060,1077
1061,1042
1061,1060
1062,1063
1062,1079
1062,1081
1063,1044
1063,1062
1064,1065
1065,1044
1065,1064
1066,1050
1066,1067
1067,1066
1067,1068
1067,1069
1067,1083
1068,1048
1068,1067
1069,1067
1069,1070
1070,1069
1070,1071
1070,1086
1070,1088
1071,1050
1071,1070
1072,1073
1072,1090
1073,1050
1073,1072
1074,1075
1075,1050
1075,1074
1076,1077
1076,1092
1076,1094
1077,1060
1077,1076
1078,1079
1078,1096
1079,1062
1079,1078
1080,1081
1081,1062
1081,1080
1082,1083
1082,1084
1083,1067
1083,1082
1084,1082
1084,1085
1085,1084
1085,1086
1085,1098
1086,1070
1086,1085
1087,1088
1087,1103
1088,1070
1088,1087
1089,1090
1090,1072
1090,1089
1091,1092
1091,1100
1092,1076
1092,1091
1093,1094
1094,1076
1094,1093
1095,1096
1095,1102
1095,1116
1096,1078
1096,1095
1097,1098
1097,1105
1097,1107
1097,1109
1098,1085
1098,1097
1099,1100
1099,1111
1100,1091
1100,1099
1101,1102
1101,1113
1101,1115
1101,1118
1102,1095
1102,1101
1103,1087
1103,1104
1104,1103
1104,1105
1105,1097
1105,1104
1106,1107
1106,1120
1106,1123
1106,1125
1107,1097
1107,1106
1107,1140
1108,1109
1108,1127
1109,1097
1109,1108
1110,1111
1110,1129
1111,1099
1111,1110
1112,1113
1112,1132
1113,1101
1113,1112
1114,1115
1114,1130
1114,1134
1115,1101
1115,1114
1116,1095
1116,1117
1117,1116
1117,1118
1118,1101
1118,1117
1119,1120
1119,1136
1119,1136
1120,1106
1120,1119
1136,1119
1136,1122
1136,1119
1136,1135
1122,1136
1122,1123
1122,1139
1123,1106
1123,1122
1124,1125
1124,1137
1124,1141
1125,1106
1125,1124
1126,1127
1127,1108
1127,1126
1128,1129
1128,1143
1129,1110
1129,1128
1130,1114
1130,1131
1131,1130
1131,1132
1131,1145
1131,1148
1132,1112
1132,1131
1133,1134
1133,1147
1133,1150
1134,1114
1134,1133
1135,1136
1135,1152
1136,1119
1136,1122
1136,1119
1136,1135
1137,1124
1137,1138
1138,1137
1138,1139
1138,1154
1138,1156
1139,1122
1139,1138
1139,1174
1140,1107
1140,1141
1141,1124
1141,1140
1142,1143
1142,1158
1142,1161
1143,1128
1143,1142
1144,1145
1144,1163
1145,1131
1145,1144
1146,1147
1146,1165
1147,1133
1147,1146
1148,1131
1148,1149
1149,1148
1149,1150
1150,1133
1150,1149
1151,1152
1151,1167
1151,1169
1152,1135
1152,1151
1153,1154
1153,1172
1153,1175
1153,1177
1154,1138
1154,1153
1155,1156
1156,1138
1156,1155
1157,1158
1157,1159
1157,1179
1157,1181
1158,1142
1158,1157
1159,1157
1159,1160
1160,1159
1160,1161
1161,1142
1161,1160
1162,1163
1162,1170
1162,1184
1163,1144
1163,1162
1164,1165
1164,1182
1164,1186
1164,1188
1165,1146
1165,1164
1166,1167
1166,1190
1166,1192
1167,1151
1167,1166
1168,1169
1168,1173
1168,1196
1169,1151
1169,1168
1170,1162
1170,1171
1171,1170
1171,1172
1172,1153
1172,1171
1173,1168
1173,1174
1174,1173
1174,1139
1174,1175
1175,1153
1175,1174
1176,1177
1176,1193
1176,1199
1177,1153
1177,1176
1178,1179
1178,1201
1179,1157
1179,1178
1180,1181
1181,1157
1181,1180
1182,1164
1182,1183
1183,1182
1183,1184
1183,1197
1184,1162
1184,1183
1185,1186
1185,1205
1185,1207
1185,1210
1186,1164
1186,1185
1187,1188
1187,1208
1187,1212
1188,1164
1188,1187
1189,1190
1189,1194
1189,1215
1189,1215
1190,1166
1190,1189
1191,1192
1192,1166
1192,1191
1193,1176
1193,1195
1194,1189
1194,1195
1195,1193
1195,1194
1195,1196
1196,1168
1196,1195
1197,1183
1197,1198
1198,1197
1198,1199
1198,1202
1198,1218
1199,1176
1199,1198
1200,1201
1200,1217
1201,1178
1201,1200
1202,1198
1202,1204
1215,1189
1215,1204
1215,1189
1215,1214
1204,1202
1204,1215
1204,1205
1204,1220
1205,1185
1205,1204
1206,1207
1206,1213
1206,1223
1206,1225
1207,1185
1207,1206
1208,1187
1208,1209
1209,1208
1209,1210
1209,1221
1209,1227
1210,1185
1210,1209
1211,1212
1212,1187
1212,1211
1213,1206
1213,1214
1214,1213
1214,1215
1215,1189
1215,1204
1215,1189
1215,1214
1216,1217
1216,1229
1217,1200
1217,1216
1218,1198
1218,1219
1219,1218
1219,1220
1220,1204
1220,1219
1221,1209
1221,1222
1222,1221
1222,1223
1222,1231
1223,1206
1223,1222
1224,1225
1225,1206
1225,1224
1226,1227
1226,1233
1226,1236
1227,1209
1227,1226
1228,1229
1228,1235
1229,1216
1229,1228
1230,1231
1230,1239
1231,1222
1231,1230
1232,1233
1232,1237
1233,1226
1233,1232
1234,1235
1234,1241
1235,1228
1235,1234
1236,1226
1236,1238
1237,1232
1237,1238
1238,1236
1238,1237
1238,1239
1239,1230
1239,1238
1240,1241
1241,1234
1241,1240
