0,44.9815,-15.9236,7.33486
1,44.5956,-14.5864,6.78348
2,44.7015,-15.015,6.85026
3,43.5051,-17.2175,7.0683
4,44.3653,-16.5194,6.79281
5,46.7816,-17.6823,7.46097
6,45.3086,-16.8297,7.35907
7,43.4939,-16.7747,6.23989
12,43.4561,-14.0673,7.04075
9,43.2473,-15.8801,6.68492
10,43.9552,-15.9338,6.86148
11,42.4597,-13.6295,7.26574
12,43.4561,-14.0673,7.04075
13,46.5501,-13.1938,7.1095
14,45.2254,-13.9835,7.0227
15,45.89,-15.6942,6.66253
16,46.6924,-14.113,7.05139
17,47.1389,-15.5596,6.95957
18,46.9275,-16.6976,7.1054
19,43.4338,-11.2788,7.96718
20,42.9844,-12.4853,7.46294
21,41.7881,-12.0091,7.8458
22,42.0721,-12.3829,7.55584
23,46.3086,-11.1828,7.45584
24,46.2874,-12.0134,7.35022
25,43.3269,-9.5008,8.35534
26,43.3777,-10.0348,8.2015
27,44.0634,-9.2308,7.82725
28,44.531,-10.069,8.29278
29,44.1174,-10.429,7.81078
30,45.5195,-8.72112,7.20915
31,45.9552,-10.1394,7.09109
32,43.2058,-8.08992,9.44671
33,43.1561,-8.7508,9.1262
34,45.2515,-6.20883,7.29549
35,45.5267,-7.63631,7.14194
36,47.0114,-9.58913,6.87573
37,46.5504,-9.22188,6.84275
38,42.854,-6.5551,10.1924
39,42.9407,-7.05973,9.88966
40,42.2727,-6.8733,8.95248
41,42.5173,-7.61721,8.72828
42,46.5621,-4.65206,7.13747
43,45.813,-5.46907,7.09993
44,43.2546,-7.12825,6.99723
45,44.534,-6.42687,6.92499
46,46.8363,-7.35208,6.90722
47,46.4789,-6.88831,6.92057
48,43.4542,-4.63375,7.21525
49,44.6755,-5.27729,7.03233
50,42.9988,-5.18322,11.024
51,43.1035,-5.66608,10.6957
56,43.0348,-3.73567,7.11414
53,44.8064,-3.04724,7.01989
54,45.7839,-3.92374,7.10177
55,42.3936,-2.64714,7.16167
56,43.0348,-3.73567,7.11414
57,41.677,-4.92678,7.35675
58,42.3066,-4.87443,7.37124
59,41.8015,-2.97253,10.6238
60,42.5358,-4.05604,11.0829
69,42.5522,-2.76736,11.0562
62,44.0262,-3.37751,11.4143
63,43.4797,-4.55879,11.0698
64,46.3497,-1.04839,7.23493
65,45.5841,-1.9737,7.06704
66,42.2251,-0.0106327,7.22302
67,42.3762,-1.42306,7.07675
68,43.7369,-2.19174,10.5999
69,42.5522,-2.76736,11.0562
70,43.1857,-1.39452,10.5347
71,41.8225,-0.523398,10.8248
72,41.793,-1.84439,10.7109
73,43.1336,-0.160743,6.69654
74,44.4532,0.0519325,7.08417
75,45.1437,-0.504183,6.97208
76,46.2703,1.7636,7.03501
77,46.2211,0.320452,6.98742
78,44.5338,1.11365,6.95513
79,43.105,2.04066,7.29642
80,42.7856,1.05673,7.14564
81,40.1338,1.54963,7.11075
82,41.2126,0.710681,6.86322
83,39.7545,0.184465,6.57713
84,40.253,-1.1684,7.20384
85,41.3914,-0.529398,7.04146
86,45.7555,-0.520498,10.7353
87,44.7667,-1.33225,10.5652
88,45.7394,-3.19414,11.5692
89,44.7886,-2.63216,10.5925
90,40.5544,1.70987,10.6822
91,41.2446,0.351548,10.6774
92,44.7887,-0.0411896,10.6151
93,43.9455,0.606153,10.701
94,42.6175,-0.0393094,10.6593
95,37.7199,2.83962,7.02844
96,39.0677,2.07471,6.96087
97,39.0268,-0.808799,6.9109
98,38.283,-0.248813,7.3807
99,38.9958,0.899082,7.30302
100,47.0388,1.86544,10.8457
101,46.2156,0.664889,10.6712
102,45.9432,-2.00288,10.4119
103,45.7295,-1.50263,10.362
104,46.9632,0.926555,10.7391
105,47.8235,0.54758,10.332
106,46.8404,-0.106578,10.3417
107,46.1146,2.42916,10.4897
108,45.5961,2.27102,10.858
109,45.6727,0.891673,10.8078
110,47.9703,-0.397964,10.4886
111,48.1869,-1.26169,10.5912
112,47.0308,-0.702727,10.8951
113,46.9809,-5.19042,11.4119
114,46.3743,-4.06238,11.474
115,38.4414,0.892971,10.7056
116,39.678,1.34843,10.5768
117,42.9446,1.15912,10.6254
118,42.2735,1.61725,10.5544
119,41.4203,1.52742,10.6132
126,36.8404,-0.515273,7.08253
121,36.8821,0.705796,6.84507
122,37.2318,1.67648,6.91375
123,39.343,3.26005,6.69251
124,38.882,3.03972,6.54723
125,35.5961,-1.00537,7.20534
126,36.8404,-0.515273,7.08253
131,49.0097,0.693757,10.4536
128,48.7696,2.61143,10.6332
129,48.0639,2.38659,10.6067
130,50.2315,1.1739,10.4939
131,49.0097,0.693757,10.4536
132,42.9778,2.82841,10.499
133,43.5831,3.39071,10.4788
134,44.6765,2.82273,10.5963
135,50.6823,-1.65053,10.6729
136,49.6685,-1.53843,10.5949
137,47.6107,-4.45485,11.3374
138,48.4317,-3.81399,10.7749
139,48.1458,-2.38556,10.726
140,45.525,-5.41628,11.2601
141,46.2174,-5.65641,11.0149
142,37.5349,-1.43696,10.2972
143,38.0173,-0.243018,10.2447
144,40.0556,-0.00787681,10.5168
145,39.235,0.34983,10.4897
146,36.1608,2.46974,10.5809
147,37.2394,1.58355,10.5033
148,39.2439,2.79483,10.5171
149,38.8132,1.81867,10.5368
150,36.9749,-0.628537,10.3201
151,36.1451,-0.573315,10.6936
152,37.3784,0.501678,10.2176
153,33.3488,-0.328935,7.31917
154,34.6584,-0.796783,7.12133
155,35.9433,0.471095,6.78321
192,34.0992,0.547127,7.24131
157,35.1934,0.39597,6.7195
158,35.3024,-0.12937,6.74708
159,49.1415,4.40321,10.355
160,49.2771,3.36674,10.3663
161,52.4422,2.06341,10.5739
162,51.1613,1.42092,10.588
163,42.9051,5.42215,10.895
164,42.9666,4.08836,10.6395
165,44.7095,5.11398,10.3674
166,44.1753,3.88671,10.1715
167,51.0619,-3.61799,10.4402
168,50.8354,-2.65355,10.4575
169,53.1319,-1.16434,11.7835
170,51.7877,-1.31141,11.0619
171,50.8306,-4.89579,10.667
172,49.0173,-5.26635,10.3093
173,48.8133,-4.66157,10.3068
188,35.4182,-0.445093,10.3867
175,35.7015,-2.17688,10.1594
176,36.6495,-1.81715,10.2201
177,38.5446,-0.648404,9.81796
178,37.9956,-0.562255,9.79401
179,36.4659,4.01868,10.0681
180,36.3299,3.48473,10.0813
181,33.658,3.59838,10.7246
182,35.3307,2.94955,10.5505
183,36.7109,0.847732,10.0289
184,36.5669,1.57694,10.0763
185,34.701,0.90315,10.7003
186,35.3192,2.12317,10.6691
187,34.1583,-1.11035,10.3226
188,35.4182,-0.445093,10.3867
189,30.9866,-1.13925,7.31496
190,32.3222,-0.506908,7.08497
191,34.9513,2.03809,6.97764
192,34.0992,0.547127,7.24131
193,31.8788,-1.19821,7.14158
194,32.6367,-1.67045,6.67386
195,32.9582,-1.131,6.3149
196,50.1369,5.14331,11.7791
197,49.7734,4.91002,11.1409
198,48.571,4.94376,11.5853
199,49.0686,4.97062,11.0561
200,51.7289,2.64584,10.7639
201,50.7533,3.72451,10.7431
202,49.9347,4.22383,10.3922
203,49.4429,6.80353,11.0859
204,49.3804,5.5606,10.6108
205,48.1106,4.84545,11.468
206,47.8247,4.85,10.4868
207,48.6337,5.02229,9.97106
208,53.8287,4.21875,10.8063
209,53.0405,3.01988,10.7427
230,53.9525,-0.562614,11.0738
211,53.2518,0.686866,11.4591
212,52.8899,1.53964,11.4299
213,52.4232,1.16235,11.0948
214,52.1527,0.799309,10.8444
215,51.983,1.44004,10.6311
216,53.8859,2.14265,10.9479
217,53.4774,2.47729,10.6928
225,44.5464,6.276,10.3982
219,43.819,7.60276,10.827
220,43.28,6.36748,10.7796
221,42.9091,7.29767,10.7106
222,41.7303,6.48434,10.7278
223,42.5501,5.94327,10.6119
224,46.1691,6.59283,10.4794
225,44.5464,6.276,10.3982
226,53.1113,-2.09847,11.4762
227,53.1557,-3.33511,11.8116
228,51.9389,-3.78736,10.9701
229,54.4594,-0.494142,11.2932
230,53.9525,-0.562614,11.0738
231,54.1068,-3.07625,11.6797
232,55.7266,-0.924228,11.5542
233,55.0335,-2.61362,11.7342
234,54.0226,-1.65533,11.6304
235,37.0455,-3.62541,10.2165
236,36.3528,-3.13657,10.2443
237,38.5482,3.89406,10.6293
238,37.6291,4.79069,9.88392
239,37.0266,4.86535,9.71554
240,32.3476,1.55262,10.5578
241,33.686,1.08447,10.7026
242,32.1339,0.657485,10.1729
243,31.6209,-0.0641826,10.5031
244,32.8658,-0.868539,10.3547
245,28.6443,-0.829644,7.17978
246,30.0664,-0.883023,7.05444
247,31.0774,1.40155,7.32724
248,30.8082,-0.0160104,7.20345
249,33.9489,-1.57498,6.44762
250,33.0786,-1.534,6.24616
251,50.128,3.27186,12.4453
252,50.1399,4.77119,12.3644
253,50.5908,8.93987,10.6753
254,49.8887,7.7868,10.6435
255,50.9823,6.58151,10.387
256,50.3061,6.6759,10.1995
257,46.1622,5.66622,10.5525
258,45.4951,4.9533,10.2222
259,46.2459,4.87109,10.4987
260,47.0358,5.0811,10.2225
261,56.2086,4.20359,10.8689
262,54.8561,4.21077,10.5863
263,52.8023,5.81818,10.7517
264,53.6802,5.13589,10.6814
273,46.9195,7.50841,10.5374
266,45.7622,8.88428,10.7759
267,44.6238,8.12413,10.6876
268,42.4936,9.39862,10.8107
269,43.2562,8.35642,10.7039
270,48.4616,6.94535,10.6515
271,49.4563,9.24225,10.2003
272,47.8459,8.49306,10.5939
273,46.9195,7.50841,10.5374
274,35.8831,-6.4651,10.5939
275,36.6274,-4.79028,10.362
276,30.1481,1.66209,10.5404
277,31.4104,1.66103,10.4339
278,26.165,-0.215794,7.35585
279,27.4965,-0.351918,7.1628
284,30.2185,2.03685,7.13146
281,29.542,0.78628,7.08562
282,28.9769,0.131389,7.07996
283,29.7422,3.18139,7.22273
284,30.2185,2.03685,7.13146
285,50.918,11.4921,10.785
286,50.7776,10.1349,10.6488
287,53.4096,8.8507,10.8945
288,51.5749,8.96602,10.6608
289,58.2168,3.06742,10.8221
290,57.1938,3.42651,10.7974
291,55.1081,2.37681,11.1106
292,55.7073,2.51991,11.0715
293,55.9527,2.92108,10.8325
294,55.232,6.71301,10.7788
295,55.943,5.45668,10.7168
296,43.1724,9.59441,10.7059
297,43.9053,9.9778,10.4024
298,44.7986,9.65488,10.4508
299,48.4761,9.73369,10.7084
300,48.0307,10.2687,10.4627
301,46.7549,9.64856,10.6606
302,41.0556,9.64042,11.4157
303,41.209,9.33958,10.8575
304,37.1817,-8.46272,10.6631
305,36.4376,-7.24715,10.5825
306,28.2221,2.28899,10.2071
307,29.0506,1.94344,10.0533
308,27.6091,1.08526,10.2641
309,28.8319,0.148778,10.5521
310,29.4176,0.867549,10.4675
311,24.296,0.735686,7.17194
312,25.2716,-0.289908,7.12587
313,28.7021,1.80068,7.04372
314,27.1218,1.93867,7.13132
315,26.5684,0.641804,7.15634
316,53.4968,11.7941,10.8524
317,51.8361,11.6712,10.5992
318,49.6741,13.5205,10.9064
319,50.439,12.3813,10.7267
320,60.8118,3.84315,10.7627
321,59.471,3.43936,10.7677
322,56.9655,0.673648,11.1405
323,56.5161,1.68951,11.224
324,45.66,12.0733,10.6686
325,44.7524,11.0647,10.461
326,29.9981,2.66141,10.4265
327,29.5903,3.14103,9.95602
328,28.8686,2.8109,9.86704
329,26.0786,-0.347313,10.3393
330,27.5009,-0.0109291,10.3133
331,31.6697,-1.09244,10.4633
332,30.5886,-1.43325,10.1526
333,29.9029,-0.48641,10.0451
334,23.1442,-0.462473,6.69663
335,23.4831,-0.116542,6.75375
336,53.0936,14.2481,10.7112
337,53.3142,12.8552,10.624
338,49.1413,15.9548,10.8261
339,49.4167,14.5617,10.5978
340,63.2035,3.81617,11.2321
341,61.9802,3.78822,10.5981
342,47.5749,13.6861,10.7273
343,46.2798,12.7672,10.5814
344,25.7813,1.54606,10.6274
345,25.81,0.607035,10.3857
346,24.0151,-0.544009,10.1936
347,24.6846,-0.282232,10.1298
348,22.24,0.896494,7.1509
349,22.3721,0.0818127,6.94908
350,53.2496,16.265,10.4712
351,53.0546,15.3408,10.4511
352,54.4045,13.5371,10.3523
353,53.9368,13.841,10.3397
369,52.4881,17.3027,10.5022
355,51.1498,16.7324,10.737
356,50.2045,16.4852,10.6323
357,47.2365,17.3873,10.5369
358,48.2143,16.6638,10.4035
359,65.8397,3.06987,10.9788
360,64.4408,3.42621,10.9004
361,47.1174,16.3219,10.8173
362,46.42,15.4252,10.5195
363,46.7641,14.5764,10.6817
364,21.6509,-0.153978,10.6056
365,23.0611,-0.216609,10.395
366,20.2081,-0.702854,7.46354
367,21.1698,0.298304,7.00335
368,52.0874,18.5302,10.709
369,52.4881,17.3027,10.5022
370,51.7923,14.3156,10.3634
371,50.9283,14.9208,10.4086
372,51.1763,15.655,10.5661
373,50.9794,19.4516,10.4967
374,50.0545,18.8621,10.826
375,50.5483,17.8104,11.4429
376,45.2399,15.9947,10.241
377,44.9599,17.0186,10.4291
378,46.0649,17.3533,10.4997
379,46.6183,19.977,10.8609
380,46.666,18.5405,10.6654
381,47.7852,19.871,10.6177
382,49.3487,19.4472,10.7754
383,48.4158,19.579,10.3663
384,47.8813,18.3076,10.5184
385,67.2645,1.71084,10.6184
386,66.7442,2.43942,10.5913
387,44.8502,12.5574,10.5209
388,44.5584,13.9151,10.5674
389,45.3595,14.4951,10.5787
390,19.1205,-1.01344,10.5361
391,20.5131,-0.492886,10.2733
392,22.2449,-2.937,10.5158
393,21.7101,-1.25943,10.431
394,19.0216,0.059107,10.4233
395,20.3108,0.980422,10.0929
396,20.9997,0.621381,9.86668
397,22.5725,-1.48063,7.08024
398,21.8489,-1.6772,6.81048
399,20.9097,-1.64057,6.45797
400,18.4896,0.724516,7.21776
401,19.2951,-0.0812438,7.31459
402,17.6078,-0.11937,6.95106
403,17.8894,-1.31317,6.97426
404,19.0966,-1.09188,7.36427
405,53.82,19.8682,10.4466
406,53.1919,19.3734,10.4891
407,53.8851,18.9473,10.7128
408,53.8877,18.0812,10.1168
409,53.3101,18.2733,9.92204
410,51.5859,13.1206,10.351
411,51.2397,14.149,10.2985
412,50.8103,20.4998,10.4691
413,50.3696,19.6433,10.5422
414,45.515,20.4146,10.4918
415,44.5983,19.3854,10.3813
416,44.9262,18.1036,10.434
417,43.5268,17.6268,11.7652
418,43.983,17.1952,11.026
419,42.4339,18.585,10.3286
420,43.8195,17.7071,10.0108
421,45.3374,22.3601,10.8697
422,45.9969,21.2171,11.3825
423,49.9922,21.2014,10.4612
424,49.5281,21.6533,10.5653
425,48.9754,20.3438,10.4811
426,69.249,3.00893,10.908
427,68.1542,2.30401,10.7515
428,65.3408,2.44358,10.7939
429,65.5851,1.45328,10.6158
430,66.3739,1.52617,10.4502
431,44.1649,11.9014,10.1348
432,44.3211,12.6973,10.0838
433,16.4837,-0.541789,10.4617
434,17.8173,-0.829903,10.3251
435,19.2312,-2.90105,10.1723
436,19.1208,-2.08473,10.1427
437,17.2322,0.194448,10.3521
438,18.4568,0.520843,10.0496
439,19.3371,0.672614,10.0102
440,21.0412,-3.05658,6.71297
441,21.4207,-2.6553,6.58249
442,15.7279,-2.18918,6.57322
443,16.3745,-1.75027,6.59318
444,51.5809,21.4865,10.4889
445,52.3562,22.0543,10.5988
446,53.2498,20.9758,10.6913
447,40.4982,20.4236,10.5254
448,41.691,19.5212,10.4265
449,44.9717,24.7599,10.8496
450,45.1714,23.4303,10.7085
451,48.5579,22.2917,10.6854
452,47.0006,21.1142,10.1442
453,47.3835,22.0766,10.5525
454,46.3122,22.2535,10.6303
455,50.7997,23.9603,10.8675
456,49.9797,22.8839,10.7607
457,68.7294,4.61822,10.5121
458,68.89,4.01253,10.5367
459,14.285,0.0412187,10.1476
460,15.217,-0.205528,10.0671
461,15.4654,-2.73697,10.2263
462,15.8624,-1.73498,10.2606
463,17.406,-2.68177,10.2855
464,18.1825,-2.94943,10.1813
465,21.1637,-2.41782,10.4493
466,20.8935,-3.46628,9.98813
467,20.3693,-3.20271,9.91675
468,14.1929,-2.37524,6.27826
469,14.6991,-2.16041,6.39399
470,41.3456,22.8646,10.5477
471,40.814,21.6217,10.4137
472,42.779,26.1562,10.3783
473,44.0938,25.4598,10.4285
474,47.0777,26.4042,10.7698
475,45.9247,25.6234,10.5349
476,47.0886,25.4045,10.5642
477,47.6199,24.5088,10.8601
478,47.5773,23.4326,10.8435
479,52.8456,25.5753,10.6252
480,51.5982,24.7647,10.7008
481,51.3674,25.9384,10.3773
482,50.5718,26.3284,11.0304
483,50.5216,25.061,11.091
484,66.1799,3.97871,10.2644
485,67.1602,4.54153,10.3456
486,67.8656,4.90002,10.1825
487,12.3512,-1.37528,10.6459
488,13.149,-0.66935,10.4258
489,13.7719,-3.00623,9.0509
490,14.4814,-2.55846,10.197
491,12.0062,-1.45121,6.3811
492,13.0959,-2.04231,6.35626
493,39.648,22.8163,10.2429
494,40.5324,22.864,10.2283
495,42.4232,21.2414,10.4831
496,41.7947,22.2421,10.3176
497,42.868,24.9879,10.3099
498,43.271,25.3856,10.2586
499,44.4772,27.9059,10.3509
500,43.5287,26.9833,10.3884
501,43.6436,27.9873,10.1148
502,42.2381,27.8909,10.4087
503,42.6031,27.1481,10.1513
504,47.4265,28.7291,10.8916
505,47.3158,27.4004,10.6797
506,52.695,28.0925,10.801
507,52.581,26.6644,10.665
508,48.3955,28.2262,10.3999
509,49.0508,27.498,10.4867
510,49.805,26.8613,10.7165
511,51.6002,28.4496,10.671
512,49.7009,27.9857,10.6041
513,50.9894,28.5375,10.876
514,50.6074,27.2333,11.0966
515,65.9402,5.01907,10.3699
516,66.3327,4.56877,10.2348
517,9.68364,-1.45153,10.541
518,11.0659,-1.27567,10.2862
519,13.7457,-1.22147,8.7963
520,13.3638,-2.23547,8.9066
521,10.2654,-2.83878,6.19719
522,11.0465,-2.38802,6.19902
523,13.1939,-0.809665,6.03001
524,12.813,-1.41583,5.73446
525,43.6115,21.4426,11.4745
526,43.1315,21.5937,11.0319
527,44.492,30.6512,10.5088
528,44.6132,29.2265,10.2528
529,43.3588,30.5041,10.5645
530,42.8022,29.5834,10.3318
531,42.4409,28.7749,10.4707
532,52.937,30.478,10.4556
533,52.743,29.2351,10.3188
534,47.8856,29.7551,10.0598
535,48.9237,29.8749,10.2936
536,49.041,28.5477,10.453
537,7.55048,-0.624811,10.6364
538,8.76221,-1.02018,10.4818
539,14.1274,1.06133,8.96023
540,13.976,-0.236511,8.50884
541,12.5193,-0.165892,8.6412
542,12.907,-0.473782,8.70105
543,13.7673,0.162956,5.0344
544,13.5173,-0.474425,5.77736
545,15.1394,-0.991106,6.69269
546,14.1368,-1.32572,6.181
567,14.904,0.142949,5.75913
548,14.6887,-0.671003,6.16885
549,13.9313,-0.748352,6.08533
550,43.228,22.8368,11.6005
551,43.7618,22.2562,11.1085
552,46.5385,31.7423,10.5617
553,45.2864,31.2563,10.3704
554,43.4088,33.0233,10.3383
555,44.0654,31.9074,10.2163
556,50.0686,30.4595,10.4498
557,50.4877,31.2609,10.6596
558,51.8714,30.9868,10.6671
559,53.8317,32.1656,10.3725
560,53.3038,31.4318,10.3336
561,5.14878,-1.49457,10.5286
562,6.51703,-0.740574,10.4139
563,12.025,-0.127029,6.12786
564,11.3054,0.0967244,4.94962
565,12.413,0.0708072,5.00154
566,16.0257,0.0623616,6.35392
567,14.904,0.142949,5.75913
568,45.0831,32.8419,10.3749
569,45.6715,32.4611,10.3278
570,41.9379,33.5724,10.1525
571,42.7802,33.7298,9.95581
572,43.5611,35.2646,10.4389
573,43.2952,34.0019,10.3879
574,44.623,33.6639,10.843
575,44.1601,33.8455,11.4467
576,43.7083,33.6863,10.81
577,48.752,32.9185,10.3942
578,49.5329,32.1393,10.4123
579,52.6051,32.3722,10.2955
580,51.8054,32.7038,10.5592
581,51.3446,31.9296,10.5407
582,2.80129,-1.49166,10.5626
583,4.24546,-1.47264,10.3472
584,2.68804,-0.611007,10.3589
585,3.84677,-0.031871,10.2079
586,4.44313,-0.557419,10.1057
587,44.2476,34.2097,10.0768
588,44.5801,33.8922,9.93761
589,41.016,31.7565,10.2526
590,41.5741,32.5197,10.0414
591,41.95,36.9392,10.31
592,42.7993,36.1216,10.314
593,45.4306,36.5582,10.8287
594,44.8156,36.2642,10.646
595,49.1013,34.1189,10.252
596,49.4625,33.3886,10.0198
597,51.2349,34.8834,10.3688
598,51.3186,33.6055,10.625
599,2.01951,-2.58493,10.0622
600,2.24192,-2.21286,9.91116
627,0.880587,-2.48172,10.3658
602,0.497741,-1.60336,10.4342
603,1.82979,-1.39115,10.4509
604,0.305075,-0.54655,10.4111
605,1.54876,0.262057,10.1938
606,3.10129,0.0468791,10.3808
607,39.441,32.6344,10.0566
608,39.9812,32.3088,10.0608
609,43.2413,38.7948,10.5518
610,42.4282,37.743,10.3265
611,39.4922,37.3085,10.6736
612,40.8676,37.2382,10.5115
613,40.9123,39.7925,10.595
614,41.543,38.1821,10.0582
615,44.2257,38.5805,10.2779
616,44.9166,38.9795,10.5212
617,45.2477,37.5475,10.4646
622,50.7227,36.2381,10.5301
619,49.3668,36.1541,10.5471
620,49.6227,34.9375,10.4731
621,50.9216,37.5986,10.6069
622,50.7227,36.2381,10.5301
623,51.8162,37.6418,10.4809
624,52.6014,36.5764,10.6342
625,51.7048,35.6797,10.7004
626,1.01446,-3.87566,10.1191
627,0.880587,-2.48172,10.3658
628,1.82186,-4.60686,10.2927
629,2.27151,-4.67036,9.97395
630,2.30441,-3.52476,10.0406
631,-2.0733,-2.64719,10.397
632,-0.75621,-1.89159,10.268
633,-0.414899,0.761767,10.2244
634,0.449161,0.611226,10.0594
646,44.9743,40.3116,10.5334
636,44.0688,41.155,10.6297
637,43.6332,39.8358,10.4536
638,38.3452,35.5968,10.5497
639,38.6842,36.3986,10.4685
640,37.5372,39.1699,10.484
641,38.5083,38.1936,10.468
677,37.7402,40.3002,10.4018
643,38.7212,40.5197,10.2608
644,40.0611,40.0665,10.2507
645,46.0348,41.652,10.7858
646,44.9743,40.3116,10.5334
647,47.5515,38.3876,10.6473
648,46.2443,38.6933,10.4019
649,46.3333,36.4038,10.6167
650,47.6587,37.4314,10.5796
651,47.555,36.3762,10.2605
652,48.3699,36.3164,10.1849
653,49.9313,39.9891,10.6618
654,50.5962,38.683,10.6626
655,49.3123,37.362,10.2156
656,48.7338,38.6603,10.1216
657,49.4146,38.0398,10.0681
658,50.0353,37.4463,10.0307
659,54.3073,36.3581,10.0594
660,53.8127,36.4618,10.1868
661,-1.92896,-3.84542,10.6987
662,-1.03893,-4.28064,10.5994
663,0.169414,-4.01124,10.2785
664,3.69558,-5.15465,10.2349
665,3.12463,-4.9121,10.0612
666,-1.57505,0.245266,10.1887
667,-2.03443,-0.0224681,10.1227
668,-2.08747,-1.59329,10.2461
669,36.0471,35.4025,10.5928
670,37.3472,35.6245,10.4182
671,41.6427,35.9186,10.2983
672,40.8302,35.401,10.4986
673,39.395,35.3745,10.127
674,35.8783,39.7286,9.96229
675,36.3273,39.5869,9.95569
676,37.4241,41.6196,10.2079
677,37.7402,40.3002,10.4018
678,35.986,36.3372,10.4982
679,36.6576,37.1963,10.3423
680,36.9783,38.0969,10.3224
681,48.4712,41.5854,10.6151
682,46.8893,41.8506,10.755
683,47.3626,39.3385,10.4704
684,47.9081,41.0563,10.3845
685,46.8102,40.17,10.445
686,46.2307,40.8385,10.4715
687,48.7876,42.5792,10.6153
688,50.0169,42.133,10.2287
689,50.0475,41.1413,10.2862
690,52.4891,39.8286,10.7166
691,51.0685,40.0061,10.6362
692,56.7151,36.4945,10.8136
693,55.3224,36.6957,10.3627
694,53.1169,38.9887,10.5216
695,53.2973,37.584,10.8851
696,53.8467,38.2637,10.3739
697,54.3807,37.5315,10.3866
721,57.2373,37.3163,10.5744
699,56.2542,37.5824,10.1707
700,54.9442,37.3483,10.1009
701,-4.16595,-0.301459,10.4245
702,-2.8583,-0.336355,10.4328
703,33.6481,35.7061,10.4747
704,34.9449,35.6235,10.2814
705,35.4278,33.4422,10.5941
706,35.676,34.5324,10.3683
707,35.4446,37.6995,10.3836
708,33.8017,36.8457,10.5811
709,34.3195,37.7727,10.4011
710,34.9901,39.0684,10.369
711,34.6126,41.798,10.4628
712,35.265,40.2546,10.4483
713,52.3341,42.351,10.4005
714,51.2377,42.3515,10.2212
715,48.8315,44.4877,10.4531
716,49.7096,43.2668,10.287
717,53.1127,41.8211,9.91173
718,54.2712,41.4936,10.4182
719,53.2967,40.4623,10.4593
720,58.3241,37.762,10.4247
721,57.2373,37.3163,10.5744
722,54.7349,39.0126,10.5441
723,55.3447,39.425,10.2318
724,55.8987,38.6313,10.1006
725,-6.88792,0.381784,10.4935
726,-5.62808,-0.191174,10.293
727,-3.46847,-2.68266,10.2197
728,-4.65717,-2.41972,10.4676
729,-4.65817,-1.64152,10.4667
730,-5.83224,-2.0698,10.3824
731,-7.36567,-0.808251,10.1504
732,-6.25614,-1.74343,10.1164
733,-5.45948,-0.613095,10.1071
734,31.4976,33.4367,10.2614
735,32.6568,34.7609,10.3019
736,31.5688,38.1012,10.5278
737,32.9455,38.083,10.3722
738,32.346,42.1574,10.7157
739,33.2353,42.0733,10.6688
740,32.2258,41.1154,10.4307
741,32.892,40.3347,10.2625
742,34.2138,40.7915,10.4089
743,35.3529,42.3293,12.1406
744,34.7188,42.5317,11.3205
745,54.5916,42.3684,10.8963
746,54.3805,43.7891,10.6043
747,53.4043,43.0029,10.4906
748,49.8645,44.8367,10.3569
749,51.2456,44.7056,10.5284
750,51.864,43.4182,10.2323
751,53.1774,43.7524,10.1965
752,53.1799,43.5156,9.80883
753,52.9915,43.0257,9.63795
754,61.0557,38.7181,10.5477
755,59.6721,38.4103,10.3973
756,57.5387,40.042,10.6442
757,58.1362,38.7764,10.5187
758,-9.44992,1.02006,10.2657
759,-8.23893,0.745819,10.1481
760,-3.79684,-3.48533,10.2209
761,-3.94436,-2.97116,10.1064
762,-8.67341,-2.37038,10.2994
763,-7.40134,-1.93907,10.2995
764,30.3905,35.3475,10.6706
765,31.1181,34.3571,10.3222
766,34.2598,33.4616,10.4066
767,33.5032,32.8896,10.2821
768,32.663,33.1844,10.2936
794,29.2321,36.1075,10.3286
770,29.3679,37.0088,10.1955
771,30.6326,37.7286,10.1961
772,30.1986,40.5197,10.5252
773,31.0118,39.0622,10.4198
774,31.3125,43.055,11.3682
775,31.68,42.7201,10.9022
776,60.2277,37.143,10.5854
777,60.5506,38.1185,10.3334
778,63.2984,37.3788,10.3194
779,62.1486,38.324,10.1103
780,58.4729,40.1272,10.3935
781,59.4799,40.3527,10.5917
782,60.5775,39.3084,10.4675
783,62.4358,39.8924,10.5466
784,61.6601,39.4694,10.4874
785,56.6178,42.1129,10.6381
786,57.2312,40.8783,10.5141
787,-11.5776,-0.76701,10.678
788,-10.428,0.12613,10.4975
789,-8.32804,1.5226,9.80368
790,-8.548,1.06203,9.75608
791,-10.8839,0.975938,9.78517
792,-10.4309,1.26246,9.70333
793,27.8563,36.1566,10.6543
794,29.2321,36.1075,10.3286
795,29.8804,38.5809,10.0501
796,30.1417,37.6634,9.87644
797,65.6111,37.0262,10.3712
798,64.3512,37.2665,10.2519
799,57.5816,42.5008,10.4835
800,58.661,42.8484,10.4464
801,59.2104,41.2566,10.4418
802,59.7447,42.6902,10.4871
803,60.9004,42.3298,10.4119
804,60.3159,40.9792,10.4262
805,62.5122,39.5532,9.90095
806,62.0413,40.3195,9.6133
807,60.6315,39.9577,9.90274
808,64.7548,41.0425,10.272
809,63.5534,40.322,10.2089
810,61.1239,40.0588,10.0775
811,61.591,40.1714,10.0571
812,56.2773,43.8249,11.7286
813,56.6734,43.218,11.1755
814,-13.0617,-2.62652,10.5008
815,-12.2435,-1.62468,10.476
816,-11.3307,0.166982,10.9182
817,-11.7143,0.895209,11.189
818,-11.4807,0.868871,10.3632
819,26.0672,37.7049,10.6623
820,26.9705,36.7656,10.3026
821,27.578,34.0729,10.3554
822,27.6592,34.9658,10.353
823,27.8118,40.0691,10.3854
824,28.9172,39.359,10.2601
825,66.8903,39.238,10.5766
826,66.2597,38.0026,10.421
827,63.6326,38.5363,10.6631
828,64.2414,38.3255,9.94755
829,64.7315,37.6996,9.99111
830,58.4385,41.5867,9.92653
831,58.5051,42.0698,9.91432
832,63.3461,43.609,10.5275
833,62.1763,42.7826,10.3397
834,60.5319,44.017,10.5347
835,60.5347,43.1981,10.4824
836,62.4806,41.3976,9.93305
837,62.0827,40.5157,9.55649
863,68.1922,39.7795,10.3413
839,67.4963,40.9855,10.2454
840,66.063,41.109,10.2662
841,66.2787,42.9654,10.4121
842,65.3591,41.9903,10.0628
843,65.1786,40.5945,11.6854
844,64.6006,40.3976,10.7556
845,-11.6874,-3.00375,10.0534
846,-12.1955,-2.88157,10.1312
847,-12.0093,-4.16878,10.3157
848,-12.8769,-4.64167,10.2385
849,-13.1996,-3.74142,10.2023
850,-15.673,-2.58063,10.7427
851,-14.3472,-2.56872,10.6447
852,-13.1387,0.506311,12.4762
853,-12.6727,0.773568,12.0818
854,27.1449,40.7555,10.6067
855,25.8155,40.2336,10.3685
856,25.907,38.7431,10.5121
857,24.2638,36.3955,10.5182
858,25.2726,37.1744,10.5913
859,24.8667,35.6771,10.1841
860,25.5577,34.5757,10.6593
861,26.6037,34.2987,10.3526
862,69.2322,40.2807,10.2852
863,68.1922,39.7795,10.3413
864,67.7363,37.5832,10.3957
865,67.3917,38.3573,10.5465
866,62.2439,44.6677,11.1481
867,61.626,44.3797,10.8239
868,67.2954,43.7763,10.3073
869,68.2568,43.7782,10.7106
870,67.786,42.246,10.6679
871,67.5258,40.9011,11.9017
872,67.5781,41.519,11.1363
873,-13.9148,-6.87496,10.225
874,-13.4017,-5.91863,10.2542
875,-14.6079,-6.34187,9.99222
876,-14.8765,-5.16081,10.3479
877,-13.7253,-4.33072,9.85883
878,-16.5166,-0.55237,10.8947
879,-16.0949,-1.90562,10.5853
880,23.0536,34.8065,10.3821
881,23.5513,35.5187,10.2981
882,22.6506,38.4201,10.6647
883,23.5894,37.2637,10.5205
884,23.5648,38.7633,10.3802
885,25.3804,39.4177,10.2214
886,24.5859,38.3729,10.085
887,24.7731,37.3565,10.0623
888,71.6343,38.6252,10.4785
889,70.2104,39.5642,10.4031
890,69.242,42.0009,10.2352
891,69.3959,41.3269,9.92766
892,69.5325,37.9764,10.7078
893,68.6593,37.6774,11.041
894,69.4537,43.0352,11.4958
895,69.2236,43.2824,10.7967
896,-12.121,-7.42296,10.3572
897,-13.0273,-6.84683,10.2773
898,-16.2448,-5.76868,9.99426
899,-15.783,-5.74934,9.7134
900,-14.4352,0.986761,10.2182
901,-15.5398,0.1746,10.4756
902,-17.3665,1.06547,10.316
903,-17.0446,0.405153,10.1736
904,21.8831,37.5543,10.4311
905,21.857,36.9182,10.1857
906,22.3722,35.6339,10.3064
907,20.6802,40.3901,10.7047
908,21.751,39.2289,10.7392
909,24.7787,39.9207,10.6988
910,23.7223,40.3718,10.5561
911,24.2388,39.2172,10.458
912,73.8954,39.8419,10.4538
913,72.7173,39.3095,10.3778
914,74.7976,38.9204,10.5933
915,73.8392,37.5771,10.7073
916,72.5425,37.8212,10.5249
917,-14.0454,3.52876,10.5317
918,-14.2462,2.13509,10.5079
919,-13.8454,-2.00467,10.0875
920,-14.2194,-0.937673,10.2083
921,-14.5882,0.0710034,10.3855
939,-14.669,4.36158,10.4507
923,-15.866,3.07624,10.4523
924,-16.5436,1.7927,10.3473
925,19.3631,36.9976,10.269
926,20.6847,36.8688,10.2419
927,18.2922,40.0898,10.4981
928,19.6422,40.1583,10.4981
929,25.7772,41.299,10.6768
930,24.9103,41.9436,11.035
931,24.4807,41.2301,10.9076
932,75.047,41.1875,10.302
933,74.5116,40.661,10.3379
934,72.2175,41.4967,10.3951
935,73.2004,40.6529,10.3339
936,76.2309,38.0354,10.9354
937,74.9833,37.7961,10.6605
938,-15.6535,5.2434,10.4516
939,-14.669,4.36158,10.4507
940,-13.3474,1.81108,9.97756
941,-13.7189,2.45531,10.0315
942,17.1368,36.4569,10.4942
943,18.3798,36.7966,10.3234
944,19.7458,35.3233,10.0788
945,19.5385,35.875,10.1238
946,16.7746,37.6862,10.4034
947,16.2801,38.6438,10.4676
948,17.3718,39.5636,10.3668
949,19.2896,41.2827,10.0915
950,18.6779,40.703,10.025
951,26.929,41.9135,10.7109
952,25.9242,41.8996,10.4559
953,77.517,40.7798,10.7637
954,76.0764,41.0717,10.4361
955,75.1997,43.7976,10.441
956,75.0951,42.4844,10.232
957,78.163,40.2038,10.6159
958,78.7704,39.8119,10.3982
959,77.4841,38.8314,10.8776
960,77.4636,36.1672,10.8193
961,76.8989,37.3974,10.8887
962,-13.8055,5.65889,10.6224
963,-14.8168,5.33902,10.5561
964,-16.8109,6.55447,10.1855
965,-16.189,6.54007,10.0653
966,-12.6565,1.60868,11.677
967,-12.7483,2.09575,11.0052
968,-13.135,1.67469,10.7534
969,14.5911,35.571,10.4839
970,15.9762,36.1491,10.3141
971,13.9105,39.76,10.4771
972,15.3064,39.1806,10.3442
973,14.449,36.9304,10.2488
974,15.1862,37.383,10.1915
975,15.7343,37.9208,10.098
976,17.3667,37.9155,9.87286
977,16.8762,38.206,9.81884
978,28.383,41.7382,10.368
979,27.8695,41.8763,10.3992
980,72.6011,44.3935,10.6352
981,74.0631,44.1948,10.5787
982,73.1724,42.3445,10.4258
983,73.0125,43.4732,10.6646
984,73.9604,42.7824,10.0953
985,74.7781,42.8685,9.84441
986,78.484,36.4626,10.6798
987,78.8143,37.5049,10.5213
988,78.7723,38.649,10.5722
989,-15.4718,6.64418,10.6341
990,-15.3726,7.32246,10.2718
991,-14.6791,6.11538,10.0962
992,-15.7321,8.35192,10.2674
993,-16.996,8.90024,10.4077
994,-17.136,7.40545,10.7844
995,12.3241,35.5596,10.2688
996,13.2383,35.6584,10.0975
997,11.5509,40.354,10.6031
998,12.8925,39.8301,10.482
999,12.9457,36.6544,10.2912
1000,14.2628,37.5902,10.4559
1001,13.162,37.785,10.2852
1002,13.5259,38.7224,10.2105
1003,78.5906,34.8738,10.4028
1004,79.0451,36.2412,10.0143
1005,-15.5904,10.4367,10.4322
1006,-16.175,9.7616,10.4098
1019,-16.3527,11.2953,10.5017
1008,-17.9932,11.6302,10.2595
1009,-17.5842,10.0473,10.3448
1010,9.974,35.3151,10.4678
1011,11.3536,35.6459,10.332
1012,9.64551,38.5188,10.2956
1013,10.6637,39.4177,10.045
1014,79.3013,32.7335,10.4437
1015,78.9105,33.6881,10.3909
1016,79.95,34.0807,10.2641
1017,79.5934,34.3748,10.3461
1018,-15.9476,12.5001,10.3973
1019,-16.3527,11.2953,10.5017
1020,7.71249,36.0988,10.4154
1021,9.01181,35.7825,10.2333
1022,10.6795,37.9876,10.3488
1023,11.9585,37.824,10.3229
1024,11.9872,36.5573,10.1217
1025,10.9388,37.1224,10.0961
1026,10.876,36.3255,9.93174
1027,7.35285,39.3681,10.2765
1028,8.60081,38.9024,10.2438
1029,9.55523,40.4433,10.3889
1030,9.57143,39.35,10.2703
1031,79.0655,29.9587,10.6332
1032,79.2783,31.3137,10.4883
1033,80.2879,33.0121,11.6087
1034,80.0091,32.8744,11.1003
1035,-17.3833,14.5313,10.2601
1036,-16.6837,13.7126,10.1582
1037,5.26951,36.3746,10.2472
1038,6.19973,36.1459,10.0915
1039,5.29806,37.3757,9.63294
1040,5.41625,38.6845,10.1435
1041,6.16089,39.0794,10.1692
1042,79.0393,27.3029,10.6358
1043,79.0311,28.6532,10.5753
1044,-16.484,16.4717,10.2297
1045,-16.9528,15.6323,10.1089
1046,-18.7835,14.5173,11.2013
1047,-18.2557,14.4308,10.7596
1048,4.76729,34.4956,10.4047
1049,4.95795,35.4953,10.3445
1050,2.93139,37.5863,10.4357
1051,4.06689,36.897,10.3558
1052,7.84111,38.3906,10.3694
1053,7.45132,36.9098,10.321
1054,8.86617,37.801,10.3679
1055,7.27572,37.6719,10.075
1056,6.07848,36.8545,10.3877
1057,7.6036,40.5275,10.2512
1058,6.11469,40.8962,10.0585
1059,5.85049,39.8889,9.74224
1060,79.7344,24.7092,10.9739
1061,79.3047,25.8248,10.9347
1062,-16.2463,19.0664,10.4842
1063,-16.3774,17.674,10.3503
1064,-15.9559,15.1543,10.0486
1065,-16.1499,15.6061,9.69199
1066,3.27758,36.7125,10.2169
1067,2.92301,35.5779,10.7374
1068,3.51423,34.9936,10.52
1069,1.96186,35.8627,10.5989
1070,1.16131,36.0759,10.1437
1071,2.10249,37.0629,10.1964
1072,2.01254,39.5095,10.5337
1073,2.49324,38.5198,10.4124
1074,3.77242,38.6517,11.2661
1075,3.34735,38.495,10.9591
1076,80.3339,22.5972,10.8954
1077,79.9461,23.9629,10.7647
1078,-15.9877,21.4844,10.804
1079,-16.2119,20.1224,10.5062
1080,-17.7468,20.048,10.2635
1081,-17.1973,19.5864,10.1338
1082,1.79985,33.7299,10.5629
1083,2.12778,34.5718,10.4153
1084,0.986748,33.7669,10.5095
1085,0.112435,34.409,10.1365
1086,0.413361,35.072,10.1764
1087,-0.450451,37.9525,10.3169
1088,0.365944,36.8583,10.2157
1089,3.02261,40.3096,12.0161
1090,2.69246,39.7682,11.0065
1091,80.0242,20.2958,10.9489
1092,80.2826,21.6415,10.8429
1093,78.8348,23.2318,11.0723
1094,79.3794,23.1175,10.6223
1095,-16.3185,23.8305,10.7293
1096,-16.1832,22.5544,10.8087
1097,-2.34313,35.2091,10.4345
1098,-1.07393,34.6954,10.2279
1099,80.7465,17.892,11.058
1100,80.2328,19.0247,10.9018
1101,-16.7207,25.6035,10.3098
1102,-16.4929,24.9529,10.4093
1103,-1.34948,37.3171,10.4173
1104,-2.42442,37.2909,10.1537
1105,-2.50706,36.2465,10.153
1106,-4.44073,35.6722,10.2382
1107,-3.69998,35.3978,10.0423
1108,-2.71273,32.4284,10.5733
1109,-2.59213,34.097,10.3888
1110,80.9619,15.3307,10.8637
1111,80.6973,16.7371,10.6862
1112,-14.3577,26.2488,10.4187
1113,-15.7839,26.0639,10.1709
1114,-16.6816,27.2754,10.1936
1115,-16.8606,26.5806,10.144
1116,-17.3085,23.9486,10.6301
1117,-17.7732,24.4393,10.0571
1118,-17.0285,24.8261,9.95889
1119,-4.79672,37.7212,10.2224
1120,-4.65565,36.6769,10.1448
1136,-5.9563,37.8628,10.4443
1122,-6.75123,36.0175,10.2738
1123,-5.8075,35.7694,10.16
1124,-4.75944,33.5734,10.5306
1125,-4.68202,34.9545,10.3064
1126,-3.71262,31.0231,10.3395
1127,-3.33377,31.8529,10.0841
1128,79.9584,13.221,10.8875
1129,80.7133,14.211,10.788
1130,-15.5772,27.4853,10.3669
1131,-14.6853,27.7993,10.0683
1132,-14.4387,27.3366,9.95327
1133,-16.2249,29.1436,10.2883
1134,-16.5142,28.6563,10.2585
1135,-7.27538,37.8772,10.4276
1136,-5.9563,37.8628,10.4443
1137,-5.74542,33.7082,10.3319
1138,-7.26887,33.0845,10.3338
1139,-7.16298,34.7687,10.2358
1140,-3.73388,34.279,9.80207
1141,-4.12935,34.0851,9.79932
1142,81.1827,10.6084,11.1376
1143,80.344,12.1945,10.9287
1144,-14.231,29.0538,9.7263
1145,-14.2822,28.3967,9.47622
1146,-17.3366,30.264,10.0384
1147,-16.8139,29.9323,10.4334
1148,-15.1103,28.3194,10.7973
1149,-14.9216,28.8386,10.8651
1150,-15.4153,28.9409,10.4499
1151,-9.6949,38.2255,10.6739
1152,-8.33224,38.0696,10.4611
1153,-9.78033,33.0086,10.3974
1154,-8.43446,33.0263,10.2823
1155,-7.48997,31.2759,10.7759
1156,-7.45284,31.8904,10.4887
1157,79.9518,9.34431,10.9957
1158,80.5709,9.93175,11.0816
1159,79.4665,10.5277,10.58
1160,79.5803,11.2162,10.7733
1161,80.3998,10.7882,10.8309
1162,-12.886,30.6779,10.2745
1163,-13.9672,29.8833,10.3592
1164,-17.2801,32.2879,10.4436
1165,-17.4816,31.0689,10.3785
1166,-11.9579,39.7493,10.5631
1167,-10.6919,38.766,10.4339
1168,-9.49357,35.6716,10.4326
1169,-9.63547,37.2041,10.4463
1170,-11.7347,30.8276,10.5857
1171,-10.7149,30.7598,10.3034
1172,-10.3023,31.8432,10.2881
1173,-8.9313,34.8956,10.3686
1174,-8.51169,34.5499,10.011
1175,-8.8892,33.6642,9.95691
1176,-12.008,34.057,10.4868
1177,-10.8339,33.4932,10.3862
1178,81.2302,7.58435,11.0023
1179,80.5617,8.55093,10.9699
1180,78.7018,9.85964,12.3993
1181,78.9567,9.86581,11.6917
1182,-16.3,32.509,10.5085
1183,-14.9434,31.9235,10.6328
1184,-13.8427,31.298,10.5016
1185,-17.3997,35.1268,10.3846
1186,-17.2557,33.8259,10.1882
1187,-19.0215,32.4706,10.0515
1188,-18.5441,32.529,9.93691
1189,-13.2707,37.7336,10.5974
1190,-12.4744,38.8272,10.3885
1191,-14.4189,40.4128,10.0342
1192,-13.0479,40.1551,10.117
1193,-12.2835,35.0893,10.1938
1194,-12.6514,36.912,10.1528
1195,-11.7276,35.8543,10.238
1196,-10.5674,35.8031,10.3378
1197,-15.3253,32.7214,10.5751
1198,-14.5196,33.5586,10.264
1199,-13.14,34.0652,10.3093
1200,79.1483,7.04871,11.0337
1201,80.1531,7.20345,11.0594
1202,-14.3249,34.7587,10.4943
1215,-14.109,37.0575,9.66704
1204,-14.497,35.8488,10.2533
1205,-16.1912,35.4533,10.3422
1206,-17.9486,37.4977,10.2558
1207,-17.8759,36.2907,10.1161
1208,-19.3106,33.4069,10.3655
1209,-19.6224,34.3577,10.2579
1210,-18.3569,34.9697,10.272
1211,-21.5745,31.6828,10.3574
1212,-20.2838,32.2325,10.3033
1213,-17.0409,37.3457,10.2433
1214,-15.5718,37.4675,10.5708
1215,-14.109,37.0575,9.66704
1216,79.1692,4.86427,11.1287
1217,79.1657,6.0011,10.8888
1218,-15.8229,33.9408,10.1558
1219,-15.6375,34.688,9.86215
1220,-15.3865,35.3083,9.81689
1221,-19.2863,35.5338,10.1092
1222,-20.0382,37.0385,10.4479
1223,-18.793,37.5082,10.3172
1224,-18.718,39.3271,10.4353
1225,-18.4358,38.5997,10.1866
1226,-21.8884,35.1999,10.3772
1227,-20.6966,34.7933,10.2816
1228,77.0131,4.46043,11.1194
1229,78.3418,4.71547,11.0218
1230,-22.071,39.042,10.5835
1231,-20.8919,37.9283,10.3283
1232,-23.743,35.3056,10.1115
1233,-22.9843,35.4348,10.1544
1234,74.7933,4.85573,10.7729
1235,76.1468,4.69025,11.0251
1236,-22.2323,36.1235,10.3459
1237,-23.5304,36.3016,10.3498
1238,-22.7287,37.0819,10.219
1239,-22.5333,37.8933,10.3315
1240,71.8436,4.42646,11.1792
1241,73.4124,4.49255,10.8796
